// Matrix3D

=C=
	
A	2641	2613	2628	2667	2618	2602	2442	2356	2164	2122	2254	2315	2437	2544	2591	2700	2723	
C	572	546	572	594	584	578	573	519	478	465	510	537	568	576	548	570	585	
D	1802	1743	1703	1710	1767	1826	2083	2270	2596	2396	2281	2082	1934	1890	1895	1912	1907	
E	1804	1774	1751	1717	1694	1760	1807	1680	1561	1646	1854	1923	1804	1813	1862	1821	1826	
F	1322	1351	1354	1386	1370	1328	1178	1100	955	1011	1122	1204	1355	1381	1347	1319	1356	
G	2515	2456	2373	2380	2497	2663	2998	3680	4209	3738	3029	2639	2326	2323	2315	2388	2430	
H	754	735	716	714	727	766	800	802	779	766	760	714	710	706	726	710	714	
I	1850	1932	1982	1944	1851	1688	1460	1291	1049	1202	1478	1639	1889	1965	1901	1817	1788	
K	1799	1804	1766	1751	1832	1888	1928	1830	1791	1849	1815	1713	1595	1613	1675	1672	1683	
L	2709	2802	2845	2867	2857	2711	2351	2114	1803	1837	2017	2236	2529	2572	2554	2668	2727	
M	660	654	656	661	643	602	542	499	444	437	475	529	594	636	628	636	646	
N	1465	1442	1402	1446	1504	1554	1749	1961	2110	1786	1655	1541	1400	1403	1450	1474	1495	
P	1464	1438	1442	1438	1503	1669	1830	2121	2468	2724	2283	2052	1760	1583	1539	1488	1422	
Q	1103	1098	1139	1111	1117	1103	1116	1059	994	1043	1057	1079	1106	1135	1185	1156	1089	
R	1484	1490	1426	1411	1399	1357	1346	1266	1266	1320	1324	1324	1333	1381	1405	1380	1418	
S	1891	1858	1889	1907	1977	2078	2232	2248	2428	2306	2242	2193	2064	2031	2063	2057	2052	
T	1907	1916	1904	1866	1861	1875	1962	1935	2040	2096	2135	2172	2129	2033	1960	1950	1901	
V	2361	2419	2461	2428	2242	2060	1841	1626	1399	1620	1959	2223	2509	2498	2444	2325	2266	
W	489	503	534	558	526	490	438	376	360	421	456	500	525	517	500	507	517	
Y	1217	1239	1272	1259	1248	1219	1139	1079	919	1025	1106	1195	1244	1215	1223	1259	1264	

=E=
	
A	1493	1426	1343	1262	1228	1139	1145	1155	1122	1191	1195	1239	1240	1251	1298	1286	1321	
C	254	288	280	253	255	263	269	323	367	372	322	294	286	271	286	277	281	
D	1023	1072	1104	1101	1052	996	798	611	553	740	983	1219	1238	1228	1195	1134	1082	
E	934	935	942	924	883	824	734	705	701	715	791	890	948	969	983	967	951	
F	595	582	563	542	568	606	752	869	959	889	787	689	632	590	580	614	614	
G	1467	1589	1731	1832	1885	1864	1757	1260	921	1086	1452	1681	1871	1857	1795	1681	1645	
H	375	413	418	423	428	415	410	393	406	383	390	427	422	423	407	421	397	
I	881	835	811	822	878	1003	1219	1441	1619	1465	1173	947	823	733	733	816	835	
K	1145	1147	1177	1170	1101	1042	940	916	811	744	760	825	865	909	951	971	978	
L	1350	1275	1208	1148	1113	1163	1325	1537	1648	1609	1371	1145	1052	1083	1082	1139	1193	
M	302	274	264	251	264	289	313	359	378	378	323	285	271	274	278	299	317	
N	866	902	963	947	926	879	757	563	529	729	827	941	997	983	946	900	855	
P	855	898	907	943	914	789	660	501	360	460	751	824	873	920	936	910	889	
Q	636	631	580	586	552	547	511	513	507	453	468	529	554	536	557	587	644	
R	744	744	778	777	778	777	749	742	678	623	626	620	636	644	665	700	680	
S	1179	1166	1170	1175	1143	1082	997	934	939	1046	1205	1277	1336	1324	1297	1277	1239	
T	1080	1067	1084	1113	1122	1163	1148	1238	1281	1239	1168	1149	1147	1201	1241	1199	1209	
V	1131	1085	1047	1097	1251	1453	1707	1988	2184	1975	1606	1333	1147	1124	1094	1160	1187	
W	244	239	211	208	235	259	286	344	347	304	288	257	249	250	255	251	261	
Y	628	611	596	602	599	623	700	789	870	778	691	608	595	608	602	592	603	


=H=
	
A	2469	2537	2611	2653	2745	2845	3004	3081	3307	3292	3143	3038	2906	2792	2706	2600	2539	
C	360	358	347	341	348	351	345	336	329	340	344	338	318	333	341	341	324	
D	1755	1770	1777	1774	1762	1761	1707	1692	1416	1424	1294	1252	1370	1412	1429	1473	1507	
E	1769	1810	1821	1882	1938	1934	1982	2149	2268	2189	1906	1727	1798	1776	1718	1764	1780	
F	1016	1008	1032	1020	1011	1009	1013	976	1043	1060	1067	1085	997	1009	1045	1037	1004	
G	2145	2075	2023	1925	1754	1622	1404	1222	1027	1322	1650	1794	1902	1914	1964	1995	1997	
H	563	550	568	568	552	527	498	512	525	560	561	575	586	583	582	583	603	
I	1464	1433	1408	1436	1460	1479	1485	1430	1483	1476	1494	1560	1446	1456	1540	1545	1555	
K	1450	1449	1448	1469	1470	1481	1543	1674	1811	1818	1845	1886	1960	1908	1827	1815	1812	
L	2323	2324	2354	2405	2457	2566	2749	2773	2992	2997	3056	3080	2896	2824	2835	2668	2548	
M	596	592	602	611	621	631	669	662	701	705	727	710	662	618	618	593	573	
N	1266	1263	1254	1229	1194	1192	1135	1117	998	1124	1149	1148	1227	1225	1205	1223	1247	
P	1183	1164	1130	1085	1051	1005	972	848	641	269	423	586	823	959	998	1075	1161	
Q	1036	1059	1079	1104	1137	1157	1183	1245	1319	1325	1287	1200	1136	1119	1055	1057	1059	
R	1187	1188	1208	1223	1240	1287	1332	1411	1480	1491	1483	1487	1467	1419	1366	1353	1342	
S	1655	1679	1634	1607	1576	1545	1488	1521	1340	1358	1276	1253	1315	1353	1344	1367	1415	
T	1590	1582	1572	1573	1550	1488	1401	1342	1190	1165	1187	1162	1216	1256	1280	1328	1359	
V	1729	1713	1707	1691	1712	1677	1634	1565	1595	1570	1609	1638	1544	1589	1673	1733	1760	
W	383	381	378	361	371	386	408	410	423	405	390	377	357	364	373	367	348	
Y	923	930	912	908	916	921	913	898	976	976	974	967	934	951	962	946	930	


