// Matrix4D

=A,C=
	
A	213	210	186	214	200	206	190	187	2164	147	170	189	193	184	176	196	214	
C	46	39	28	39	44	37	44	42	0	45	35	40	34	44	42	39	45	
D	125	109	110	127	114	134	133	148	0	198	151	133	150	116	128	113	133	
E	114	126	107	121	111	122	103	102	0	119	105	112	101	122	125	116	97	
F	109	90	97	90	80	80	85	86	0	54	81	72	81	98	85	94	98	
G	165	177	171	165	163	183	202	265	0	285	275	180	169	147	192	146	177	
H	54	61	57	37	49	44	55	40	0	47	57	41	44	56	41	47	39	
I	114	138	142	128	138	111	106	86	0	59	92	96	123	126	131	143	117	
K	125	116	122	114	129	124	100	116	0	123	123	126	103	93	100	96	117	
L	178	178	177	182	200	186	171	136	0	107	123	139	165	180	152	163	175	
M	46	37	34	40	38	48	37	22	0	33	35	30	38	38	35	46	31	
N	90	79	96	90	80	87	122	131	0	125	131	105	85	105	95	88	96	
P	91	98	107	95	108	127	149	143	0	206	143	187	124	109	111	121	107	
Q	77	74	82	78	69	73	82	69	0	59	67	67	89	85	89	79	68	
R	108	91	94	78	103	93	71	83	0	79	76	79	73	77	87	94	116	
S	123	133	120	140	138	137	143	168	0	160	167	170	153	119	139	137	145	
T	127	131	152	140	133	130	131	122	0	145	136	153	161	137	129	143	123	
V	144	157	172	170	166	135	129	120	0	86	110	152	157	193	194	173	159	
W	30	44	28	40	22	28	24	25	0	27	27	23	33	46	27	42	31	
Y	82	75	80	75	77	77	83	70	0	58	60	67	88	84	85	85	75	


=A,E=
	
A	113	96	97	96	84	81	84	96	1122	85	86	81	71	102	99	107	118	
C	15	16	17	15	14	23	12	20	0	26	20	22	17	16	13	15	18	
D	53	84	55	70	60	53	50	36	0	43	53	80	84	62	65	86	60	
E	58	70	51	72	47	37	48	39	0	43	38	57	70	64	56	63	58	
F	28	30	32	37	49	26	42	53	0	59	58	48	52	46	43	34	35	
G	112	90	116	142	123	112	114	92	0	80	87	113	116	104	140	114	119	
H	27	29	36	26	37	32	23	22	0	36	31	22	29	22	29	19	20	
I	51	53	53	48	78	72	90	108	0	103	89	64	53	47	43	49	56	
K	68	69	77	68	66	83	55	50	0	41	52	54	46	51	65	63	57	
L	94	91	85	73	82	77	94	91	0	96	87	64	69	62	62	67	75	
M	15	19	17	15	17	21	18	27	0	26	19	24	18	12	16	18	27	
N	48	60	70	62	50	66	38	37	0	51	53	51	57	68	62	55	60	
P	57	55	62	52	50	42	51	25	0	31	43	51	60	78	72	57	58	
Q	41	37	29	31	31	28	31	29	0	28	28	30	36	30	36	40	30	
R	46	35	47	52	57	63	59	51	0	34	37	52	29	39	47	53	46	
S	80	93	85	76	66	76	63	57	0	63	74	88	93	95	89	84	77	
T	72	76	70	67	66	74	58	76	0	77	75	70	83	93	59	68	77	
V	85	66	68	72	84	98	127	131	0	136	119	98	84	81	82	71	72	
W	15	18	12	13	14	15	14	25	0	16	23	23	15	11	8	16	16	
Y	43	31	42	32	46	41	47	54	0	45	49	28	38	38	33	42	38	


=A,H=
	
A	348	356	350	339	447	391	436	414	3307	462	455	407	465	368	359	364	345	
C	44	35	36	44	53	39	34	27	0	39	42	45	40	41	45	40	39	
D	218	205	226	231	240	216	219	210	0	156	144	151	156	171	182	167	189	
E	209	202	208	201	223	239	256	269	0	248	275	216	210	203	221	200	206	
F	124	126	105	121	95	109	104	115	0	116	117	116	120	117	111	138	113	
G	268	275	257	230	250	203	163	115	0	158	215	219	305	242	245	281	245	
H	58	75	71	65	52	69	52	44	0	60	53	69	57	62	71	75	64	
I	153	172	161	174	158	197	158	186	0	176	167	195	152	182	189	177	191	
K	172	166	167	194	148	184	183	210	0	246	257	238	237	258	217	201	221	
L	314	285	312	298	270	317	319	354	0	408	342	374	329	351	350	303	303	
M	56	78	63	89	79	82	80	81	0	83	66	82	89	65	75	60	63	
N	159	149	158	148	133	137	153	152	0	128	124	157	117	150	133	137	141	
P	144	148	137	129	146	116	104	99	0	26	41	51	88	111	127	135	140	
Q	122	128	133	147	126	125	154	163	0	167	140	154	134	130	112	154	136	
R	156	150	152	135	129	154	181	162	0	180	218	197	184	171	169	164	175	
S	199	199	222	203	219	161	175	178	0	159	153	152	166	160	154	167	162	
T	188	188	183	188	189	174	180	165	0	117	135	142	119	131	195	175	185	
V	214	216	214	226	200	249	219	212	0	210	199	203	178	227	213	216	228	
W	38	51	46	47	47	39	46	51	0	57	31	26	57	58	31	42	51	
Y	121	101	104	95	102	104	90	99	0	109	129	109	99	103	104	108	109	


=C,C=
	
A	39	33	22	49	39	40	35	47	0	40	31	36	51	48	31	43	46	
C	27	18	23	19	26	23	8	3	478	6	9	33	16	16	32	26	18	
D	31	29	33	22	18	26	21	32	0	25	30	26	32	25	23	21	26	
E	21	31	28	22	17	26	32	18	0	13	28	20	25	21	34	22	32	
F	13	22	9	20	15	21	15	13	0	8	14	22	14	15	15	16	19	
G	51	50	44	32	43	48	53	66	0	71	51	58	44	45	40	35	48	
H	11	7	7	10	14	13	11	14	0	21	14	13	21	11	15	11	11	
I	31	22	27	23	23	31	22	9	0	18	22	27	19	22	21	20	23	
K	28	31	24	23	17	19	33	28	0	19	20	17	26	25	18	29	30	
L	36	39	34	42	45	35	34	23	0	25	32	24	25	38	32	44	32	
M	10	8	8	13	4	8	4	6	0	6	7	6	11	10	7	9	13	
N	22	18	25	18	17	22	29	32	0	22	30	29	18	15	31	20	22	
P	23	22	27	24	23	18	36	35	0	64	41	27	22	25	19	16	20	
Q	9	16	19	14	16	18	13	14	0	17	14	12	15	14	13	16	19	
R	20	23	19	26	22	14	17	25	0	27	18	16	16	26	33	27	17	
S	23	29	30	28	41	42	35	38	0	38	39	44	37	33	35	43	35	
T	31	27	36	23	25	22	27	31	0	29	30	30	26	31	21	34	16	
V	28	26	39	47	34	27	27	23	0	18	19	24	31	40	27	26	27	
W	4	6	6	8	13	4	9	8	0	3	6	4	10	3	11	8	8	
Y	20	21	18	15	26	21	17	13	0	8	23	10	19	15	20	12	16	


=C,E=
	
A	35	29	30	24	18	28	19	24	0	25	22	25	24	22	22	19	33	
C	10	17	20	13	11	7	10	13	367	10	11	5	10	11	8	19	9	
D	15	25	25	22	21	23	11	9	0	14	19	20	28	32	30	23	16	
E	16	27	24	15	20	16	15	15	0	20	15	17	17	20	22	22	25	
F	12	12	5	13	5	10	13	11	0	13	17	17	7	9	12	6	17	
G	30	34	27	46	46	46	46	21	0	25	35	37	44	51	38	30	42	
H	10	7	10	7	8	9	6	13	0	8	7	9	12	8	7	9	9	
I	12	14	11	18	23	15	21	26	0	22	20	18	14	14	20	13	13	
K	27	12	28	18	23	24	17	22	0	15	14	23	24	12	25	20	24	
L	23	27	17	28	24	17	36	36	0	29	42	22	24	24	14	26	23	
M	7	6	6	3	9	3	7	6	0	8	8	8	9	6	3	4	7	
N	26	18	22	20	26	21	22	16	0	10	12	21	22	17	19	16	15	
P	18	18	17	14	17	12	13	11	0	8	13	18	25	26	18	21	14	
Q	12	9	15	12	8	10	11	10	0	17	13	15	16	9	9	15	16	
R	19	18	16	19	20	21	6	16	0	23	16	9	12	11	11	24	11	
S	26	26	29	34	21	27	23	33	0	34	27	27	27	36	28	32	36	
T	23	27	29	23	17	22	29	36	0	25	21	22	18	25	30	19	21	
V	21	27	23	21	22	27	42	25	0	35	36	28	14	19	20	31	24	
W	3	4	0	2	10	11	4	4	0	8	5	12	5	5	5	7	3	
Y	22	10	13	15	17	18	16	19	0	18	14	14	15	9	26	11	9	


=C,H=
	
A	29	29	47	29	34	41	44	38	0	25	36	38	37	28	27	26	33	
C	4	22	9	7	9	18	4	7	329	7	4	8	15	7	4	11	13	
D	27	17	24	17	16	21	31	17	0	23	21	10	8	12	26	19	19	
E	15	10	25	24	14	16	24	14	0	21	30	21	16	25	29	11	20	
F	11	13	15	7	12	12	7	10	0	15	6	15	19	10	14	15	6	
G	37	35	31	26	21	24	27	27	0	21	22	15	37	31	27	38	22	
H	5	7	9	6	5	6	3	14	0	11	11	14	13	3	4	7	5	
I	19	20	12	20	24	20	12	17	0	12	14	18	14	14	13	22	30	
K	16	10	11	22	16	19	16	16	0	22	26	14	19	20	26	12	21	
L	25	23	22	28	36	18	25	34	0	35	27	53	37	26	35	37	30	
M	6	4	6	9	8	8	4	9	0	2	7	10	5	8	11	10	6	
N	18	17	13	21	15	20	17	12	0	20	16	11	15	18	18	11	16	
P	8	20	10	12	7	12	9	11	0	1	6	7	5	16	10	18	10	
Q	7	12	14	20	9	11	16	13	0	24	27	10	10	17	6	10	15	
R	16	9	20	16	12	14	27	16	0	23	21	17	10	21	9	18	14	
S	21	20	21	26	19	21	12	23	0	14	15	15	19	20	20	13	16	
T	25	17	18	16	28	14	22	15	0	19	18	10	13	15	19	15	16	
V	19	24	9	14	26	20	20	23	0	17	16	22	22	22	15	18	22	
W	5	3	1	3	3	3	2	1	0	4	0	1	6	5	1	4	2	
Y	16	17	12	6	15	10	7	12	0	13	6	20	9	11	14	14	12	


=D,C=
	
A	196	202	206	195	224	204	184	214	0	172	212	197	211	209	199	221	212	
C	40	43	53	40	42	32	44	40	0	30	25	39	37	38	44	35	48	
D	158	148	124	148	124	116	152	152	2596	155	158	141	137	157	154	147	155	
E	183	137	134	130	132	143	121	117	0	133	171	123	120	139	147	167	152	
F	109	110	121	122	139	131	116	101	0	95	85	114	134	116	109	112	122	
G	223	172	196	182	194	203	236	281	0	335	154	210	163	175	188	186	185	
H	66	61	53	43	63	75	68	66	0	51	47	55	53	57	52	60	73	
I	141	154	156	168	167	162	129	145	0	121	121	177	186	132	160	158	146	
K	154	151	151	140	164	149	166	157	0	159	179	153	111	143	149	153	123	
L	171	238	269	231	240	241	208	169	0	171	152	212	256	217	204	229	253	
M	53	49	57	57	66	45	55	46	0	28	45	47	44	62	47	37	62	
N	118	113	118	125	120	124	163	135	0	136	162	128	125	126	123	117	118	
P	124	125	131	125	109	126	135	191	0	199	169	143	114	115	122	103	110	
Q	91	102	81	99	92	95	80	72	0	74	103	93	98	109	94	87	97	
R	134	137	112	133	101	115	110	106	0	102	122	108	94	140	123	110	105	
S	145	130	157	148	121	134	194	171	0	177	205	148	152	177	169	162	163	
T	173	167	134	155	150	159	161	150	0	167	179	194	168	155	148	156	157	
V	185	212	206	192	202	176	147	159	0	143	174	174	218	187	208	192	180	
W	31	36	47	39	38	40	40	32	0	44	30	51	53	50	52	34	39	
Y	100	109	90	123	108	126	87	92	0	103	102	88	122	92	104	130	96	


=D,E=
	
A	46	45	38	23	32	31	31	40	0	46	32	41	38	55	37	43	31	
C	11	8	9	4	13	7	6	7	0	8	7	11	8	7	8	7	10	
D	35	37	28	40	29	36	23	7	553	19	33	29	36	35	31	43	39	
E	30	22	28	29	29	30	32	15	0	19	27	26	32	33	39	27	26	
F	18	23	20	12	17	29	28	42	0	42	17	20	22	25	14	18	16	
G	58	51	48	62	61	49	41	40	0	29	43	51	63	46	56	51	36	
H	13	18	10	19	9	13	13	7	0	8	16	15	16	7	14	15	17	
I	33	35	31	25	33	42	50	73	0	61	43	37	30	24	38	21	28	
K	40	32	36	42	16	24	26	15	0	12	41	27	23	35	26	34	46	
L	44	35	41	41	48	50	48	74	0	61	24	37	30	47	34	36	51	
M	15	9	9	10	9	9	15	10	0	11	5	9	6	8	7	6	18	
N	32	41	28	31	22	18	21	9	0	30	24	27	35	28	26	27	24	
P	23	38	25	25	20	18	20	11	0	18	18	19	21	18	32	22	28	
Q	24	22	16	18	14	16	17	15	0	7	25	19	28	16	14	24	22	
R	26	17	32	28	21	28	25	12	0	12	39	27	16	27	22	25	12	
S	29	33	39	34	44	37	25	20	0	43	35	40	37	36	45	41	36	
T	32	31	39	43	48	32	44	25	0	29	35	42	37	44	42	36	44	
V	23	32	31	36	58	50	59	70	0	60	46	36	42	36	40	43	40	
W	4	8	11	7	11	12	8	22	0	11	15	13	13	7	10	14	10	
Y	17	16	34	24	19	22	21	39	0	27	28	27	20	19	18	20	19	


=D,H=
	
A	141	122	133	130	136	128	132	144	0	178	160	165	160	162	151	138	150	
C	16	14	19	26	15	17	23	20	0	22	31	18	10	18	30	23	16	
D	83	103	91	77	91	93	60	83	1416	66	43	72	75	64	56	100	86	
E	92	134	90	85	83	100	59	98	0	114	66	76	104	72	71	104	89	
F	59	44	61	63	40	49	80	56	0	77	85	52	39	67	68	47	54	
G	114	112	102	116	112	89	81	70	0	48	81	80	85	83	106	115	104	
H	29	23	27	33	29	31	29	22	0	24	21	25	31	35	26	23	34	
I	84	76	66	81	72	72	115	94	0	84	139	87	54	88	95	89	79	
K	77	86	80	82	132	93	49	101	0	96	51	136	140	91	93	106	103	
L	125	122	137	129	109	126	181	149	0	148	222	123	101	165	166	118	130	
M	38	31	35	31	25	26	43	33	0	37	58	46	27	41	36	22	25	
N	61	74	54	56	71	72	60	52	0	46	34	60	87	50	50	67	69	
P	54	60	57	55	64	50	56	51	0	9	21	41	42	36	46	52	65	
Q	53	55	55	48	89	65	36	53	0	55	51	53	73	48	53	47	62	
R	50	57	67	52	83	73	52	97	0	70	47	102	95	58	59	83	75	
S	78	75	92	85	66	115	68	64	0	60	36	50	82	64	64	78	78	
T	84	73	98	82	75	80	108	71	0	64	55	54	68	79	63	68	71	
V	111	96	77	101	74	71	122	82	0	104	129	100	71	95	104	74	70	
W	20	14	26	26	14	19	14	21	0	34	28	20	14	19	22	11	14	
Y	47	45	49	58	36	47	48	55	0	80	58	56	58	80	57	50	42	


=E,C=
	
A	113	121	123	134	126	118	109	120	0	93	97	88	94	126	114	120	128	
C	29	29	43	26	20	31	32	17	0	13	27	25	19	23	21	34	23	
D	89	95	74	71	73	75	97	115	0	109	100	97	81	89	101	105	103	
E	95	86	81	99	81	83	103	90	1561	84	84	103	95	106	96	100	97	
F	73	56	72	79	77	83	67	48	0	40	64	70	86	59	74	63	61	
G	125	143	121	99	116	131	129	175	0	196	162	105	104	111	96	121	130	
H	31	44	46	44	39	47	39	39	0	52	35	43	34	31	37	36	39	
I	114	109	98	101	117	81	77	65	0	50	88	69	109	94	101	89	95	
K	97	82	82	98	98	121	105	93	0	106	110	98	78	89	83	73	87	
L	146	162	144	145	165	149	130	98	0	78	107	143	144	143	150	121	120	
M	35	29	43	30	35	30	24	16	0	29	29	20	31	33	30	29	34	
N	62	60	53	65	77	63	84	98	0	97	80	76	64	72	61	69	70	
P	63	61	77	73	78	75	90	120	0	132	115	110	99	81	71	69	67	
Q	51	38	57	54	56	61	60	48	0	49	62	51	46	49	45	57	51	
R	74	69	82	62	58	62	55	68	0	81	57	60	58	62	75	64	81	
S	96	68	81	79	79	95	103	107	0	89	76	97	87	91	105	104	100	
T	86	86	72	91	70	75	111	86	0	112	86	92	101	94	86	89	80	
V	100	137	113	125	108	99	89	75	0	84	109	130	130	113	121	137	115	
W	22	26	29	21	29	22	15	22	0	21	30	18	27	28	24	22	19	
Y	60	60	69	65	59	60	42	60	0	45	43	66	74	67	69	59	61	


=E,E=
	
A	50	56	51	41	45	47	39	42	0	43	54	44	48	55	45	64	52	
C	8	11	12	9	14	8	8	15	0	16	14	13	12	9	10	11	9	
D	30	48	39	49	43	36	42	14	0	18	48	61	59	53	44	36	49	
E	48	34	45	46	40	36	25	22	701	28	34	31	41	40	41	33	35	
F	24	24	33	25	33	34	31	44	0	46	26	36	29	23	27	28	27	
G	67	65	66	64	60	61	71	46	0	46	52	73	64	57	75	71	57	
H	5	15	32	10	12	19	22	10	0	6	27	17	15	24	22	17	9	
I	51	36	31	35	47	59	46	82	0	73	42	42	37	34	26	27	30	
K	48	47	51	61	49	40	47	36	0	31	43	32	46	42	41	48	50	
L	68	47	51	47	41	57	38	66	0	76	41	51	47	46	48	40	61	
M	15	16	13	11	11	11	10	18	0	11	12	10	13	12	16	9	15	
N	36	33	38	39	41	28	28	19	0	24	42	29	29	32	43	41	34	
P	30	28	31	47	34	37	15	10	0	23	26	41	44	43	37	35	38	
Q	16	30	18	22	14	21	23	19	0	18	15	21	12	22	23	20	23	
R	34	36	34	38	30	25	20	28	0	28	26	29	22	29	29	29	26	
S	51	39	40	31	45	40	40	24	0	34	40	52	54	45	42	44	52	
T	35	53	36	43	50	39	61	35	0	37	58	38	32	45	40	53	35	
V	54	50	43	48	53	70	80	104	0	95	63	46	56	56	56	59	54	
W	8	5	12	8	13	8	20	28	0	12	15	9	13	9	12	7	11	
Y	23	28	25	27	26	25	35	39	0	36	23	26	27	25	24	29	34	


=E,H=
	
A	197	198	219	214	209	219	261	246	0	274	259	264	236	208	211	215	205	
C	35	17	31	28	23	20	33	22	0	17	32	20	17	30	44	23	21	
D	143	158	138	126	140	117	129	138	0	102	65	114	107	102	105	139	150	
E	178	204	147	131	180	166	127	207	2268	210	140	155	172	132	136	199	183	
F	78	88	101	103	64	91	100	88	0	90	120	78	71	108	108	92	82	
G	156	156	175	146	121	93	107	84	0	106	166	160	105	135	195	150	139	
H	55	46	37	52	56	46	40	46	0	46	42	55	53	58	36	36	49	
I	128	103	148	135	106	112	153	116	0	133	185	111	97	144	144	112	147	
K	146	137	108	140	197	168	104	165	0	184	133	231	235	150	167	209	168	
L	189	206	213	242	198	212	313	229	0	255	325	230	225	300	289	188	212	
M	47	47	57	49	48	49	64	47	0	59	59	36	63	68	44	41	47	
N	90	109	106	84	93	87	77	78	0	98	68	97	107	87	89	84	87	
P	129	88	95	97	96	84	80	123	0	11	32	59	66	62	80	88	87	
Q	93	96	90	93	138	96	86	99	0	121	77	107	104	67	74	112	96	
R	101	115	87	104	138	135	79	138	0	107	104	157	188	136	113	132	130	
S	123	141	126	117	109	147	134	108	0	99	83	88	104	92	95	124	110	
T	129	124	125	141	114	178	123	97	0	111	84	80	112	100	95	101	119	
V	152	122	153	151	141	146	152	150	0	139	174	133	93	152	132	134	130	
W	24	36	37	31	31	34	37	30	0	32	34	32	34	40	25	26	32	
Y	75	77	75	84	66	68	69	56	0	74	86	61	78	97	86	63	74	


=F,C=
	
A	76	84	69	92	86	81	68	63	0	65	65	67	67	88	79	70	87	
C	14	10	8	14	11	17	14	14	0	9	13	14	10	17	11	18	13	
D	60	53	58	55	61	66	70	72	0	76	90	67	82	52	55	73	51	
E	52	69	56	59	62	54	59	38	0	42	58	78	77	67	65	67	53	
F	37	45	45	52	30	39	29	29	955	19	31	35	32	40	37	45	40	
G	64	67	75	75	76	94	97	117	0	103	88	82	76	64	61	65	55	
H	28	23	16	19	18	17	33	29	0	23	27	25	18	16	26	22	18	
I	44	55	56	33	55	38	40	32	0	28	30	44	39	62	48	57	56	
K	63	68	55	55	50	41	77	59	0	57	45	60	57	46	78	61	61	
L	88	65	80	88	79	72	60	52	0	51	54	45	61	66	64	67	93	
M	21	18	23	26	20	17	18	10	0	17	14	24	12	23	20	19	21	
N	50	37	51	47	57	49	59	69	0	59	47	47	44	39	50	39	50	
P	49	46	46	51	52	39	51	82	0	110	92	64	60	60	51	52	41	
Q	30	33	28	27	30	39	31	43	0	33	35	31	38	26	43	36	42	
R	45	48	38	41	44	57	45	51	0	41	34	41	39	35	42	38	49	
S	66	65	62	50	64	64	64	63	0	89	68	71	68	65	54	69	46	
T	44	61	53	50	53	62	54	54	0	61	78	66	64	62	52	54	57	
V	79	58	78	60	59	58	46	40	0	39	45	51	58	67	69	66	58	
W	15	13	21	17	14	16	9	10	0	5	13	13	16	16	10	11	18	
Y	30	36	37	43	34	34	27	28	0	26	28	28	36	44	37	26	45	


=F,E=
	
A	76	75	77	74	60	54	67	62	0	67	58	60	64	58	67	69	77	
C	15	10	12	14	12	21	15	12	0	14	17	16	9	19	12	11	8	
D	56	59	66	63	64	61	35	46	0	61	52	74	62	65	77	63	60	
E	52	60	62	47	56	55	38	48	0	48	42	66	55	66	62	42	53	
F	39	35	30	23	31	34	46	37	959	41	42	35	32	33	27	41	29	
G	68	92	82	120	113	109	70	70	0	61	77	80	125	114	104	91	82	
H	17	17	27	21	26	26	31	23	0	37	20	25	34	21	19	26	20	
I	46	40	46	27	34	41	74	63	0	67	70	51	30	41	43	34	56	
K	64	55	59	69	67	52	56	45	0	55	36	48	48	53	55	54	66	
L	80	56	54	56	54	53	74	66	0	73	94	47	40	58	55	69	64	
M	12	16	16	16	16	12	30	15	0	12	18	13	15	13	12	17	18	
N	49	53	57	61	70	66	32	32	0	48	46	72	68	50	67	51	50	
P	65	55	49	65	48	55	33	33	0	17	53	60	48	50	60	58	47	
Q	43	45	34	35	32	29	34	42	0	27	23	32	35	31	31	33	35	
R	30	48	34	45	38	42	53	49	0	35	34	40	44	29	40	38	43	
S	62	77	75	60	50	66	50	68	0	75	66	76	77	81	73	77	66	
T	71	66	65	62	57	72	49	90	0	81	59	56	61	67	61	70	65	
V	61	47	66	54	71	73	106	112	0	93	90	63	57	57	44	78	59	
W	12	14	13	14	13	14	17	11	0	15	26	14	18	16	17	13	16	
Y	39	38	35	33	46	23	49	34	0	32	35	29	36	37	32	24	44	


=F,H=
	
A	87	94	95	92	107	97	116	107	0	121	108	92	93	103	89	106	95	
C	15	13	18	8	16	14	8	10	0	11	5	13	14	6	7	19	14	
D	75	59	69	79	71	62	84	95	0	66	84	68	47	69	70	42	70	
E	73	60	85	86	67	72	111	86	0	90	99	66	45	79	88	61	75	
F	42	49	38	30	45	39	27	39	1043	46	30	42	38	30	50	44	51	
G	80	78	77	72	69	65	63	50	0	66	55	54	64	66	59	67	76	
H	21	17	21	21	24	26	21	23	0	14	26	28	32	23	23	30	26	
I	56	60	60	61	59	62	44	42	0	55	32	67	70	46	41	61	57	
K	58	52	61	64	36	53	95	66	0	64	104	60	70	98	85	59	62	
L	79	94	74	69	102	92	60	74	0	111	61	122	144	85	89	117	101	
M	21	27	21	22	26	28	18	18	0	30	24	34	37	17	19	26	26	
N	42	61	50	56	53	33	41	50	0	50	56	52	44	57	62	44	53	
P	60	40	52	38	32	43	49	35	0	11	18	23	30	47	52	49	54	
Q	28	30	47	46	40	38	36	37	0	43	73	35	35	56	50	31	31	
R	38	61	53	48	44	60	72	62	0	49	74	49	42	51	59	55	47	
S	67	75	59	72	65	60	63	65	0	56	58	63	46	54	58	49	51	
T	74	62	60	61	73	53	45	52	0	49	53	55	39	59	43	47	50	
V	74	63	62	64	60	71	40	65	0	50	38	58	92	51	50	72	53	
W	17	12	13	12	21	26	16	20	0	15	10	18	20	15	10	16	11	
Y	33	35	28	40	32	49	34	44	0	46	34	43	40	28	37	47	37	


=G,C=
	
A	364	373	397	338	398	366	395	332	0	302	285	308	323	360	335	381	369	
C	71	77	81	89	98	96	68	76	0	73	79	85	87	70	71	89	92	
D	219	225	225	198	207	236	213	325	0	293	262	241	240	252	236	219	278	
E	221	222	250	202	191	241	285	243	0	202	218	208	214	208	248	237	244	
F	155	153	155	170	196	144	134	137	0	142	136	170	161	196	166	181	152	
G	360	349	300	329	317	314	358	347	4209	353	368	345	306	344	304	346	328	
H	120	100	88	79	90	112	114	120	0	100	106	75	94	88	93	93	86	
I	269	239	277	298	267	263	221	157	0	241	218	233	270	257	271	238	216	
K	210	240	226	231	230	251	266	248	0	313	243	204	200	211	222	202	204	
L	390	359	391	437	404	379	300	293	0	275	276	330	334	320	327	330	350	
M	86	97	74	89	90	77	78	82	0	78	64	70	80	87	94	78	89	
N	191	211	169	177	181	203	197	245	0	211	221	186	177	182	195	212	187	
P	191	181	148	148	173	174	211	295	0	170	281	245	207	204	206	177	190	
Q	152	149	157	136	129	153	157	132	0	168	131	126	128	133	144	125	153	
R	186	189	206	184	183	179	195	155	0	195	191	187	178	178	181	184	194	
S	224	258	249	266	251	250	266	327	0	316	289	281	304	285	257	300	274	
T	247	254	240	251	261	245	239	304	0	276	352	291	312	259	288	256	271	
V	337	312	357	320	306	313	266	200	0	278	283	360	368	332	338	310	294	
W	66	60	59	90	79	62	66	45	0	59	62	80	71	73	74	77	64	
Y	148	157	157	174	157	148	176	143	0	161	141	180	152	169	155	168	171	


=G,E=
	
A	95	81	78	67	70	59	75	63	0	70	70	75	65	67	95	61	64	
C	20	17	14	19	16	7	19	26	0	17	30	20	13	19	22	18	13	
D	48	61	57	50	47	42	25	37	0	39	50	55	67	67	65	55	57	
E	44	46	40	42	32	41	29	32	0	29	31	37	46	48	49	54	54	
F	31	39	28	25	35	36	46	50	0	51	45	50	55	41	33	30	28	
G	73	103	84	106	91	104	75	59	921	64	86	83	87	119	81	110	103	
H	24	18	25	21	23	18	15	18	0	23	23	21	27	21	21	28	21	
I	55	44	55	39	57	69	85	87	0	89	72	57	46	40	49	49	47	
K	54	56	64	72	53	44	43	38	0	34	46	31	41	37	64	51	54	
L	64	62	60	56	89	77	89	82	0	69	67	68	61	48	51	46	63	
M	14	7	15	20	19	15	19	21	0	23	19	23	15	15	20	22	20	
N	51	47	49	43	39	45	22	32	0	40	33	35	52	38	40	57	54	
P	61	48	56	54	49	39	43	38	0	22	27	41	33	45	36	52	49	
Q	34	33	33	27	30	25	21	21	0	24	25	28	24	21	30	36	30	
R	37	45	45	49	36	43	42	32	0	36	28	33	34	29	30	28	32	
S	59	47	62	68	48	57	47	67	0	63	55	66	80	70	65	68	63	
T	52	48	56	62	55	57	51	63	0	75	68	66	56	80	58	60	54	
V	63	69	59	58	90	99	101	104	0	89	79	81	72	64	67	60	62	
W	10	10	11	13	14	8	19	12	0	18	21	10	17	11	11	8	12	
Y	32	38	29	30	27	35	54	36	0	45	45	40	27	38	34	27	40	


=G,H=
	
A	95	91	97	91	126	88	109	128	0	100	126	119	147	119	115	104	113	
C	22	12	15	21	14	9	23	16	0	24	19	17	9	16	15	14	13	
D	63	74	60	62	57	65	46	51	0	59	46	46	58	44	44	59	51	
E	57	70	66	66	52	56	65	75	0	73	59	38	42	55	71	76	56	
F	32	29	50	48	33	36	38	43	0	43	50	49	44	33	38	34	39	
G	85	101	90	87	92	94	71	66	1027	57	47	79	103	52	81	97	78	
H	19	19	31	22	27	19	18	19	0	25	23	16	20	17	24	23	28	
I	56	58	80	52	50	73	67	54	0	71	65	55	49	59	66	58	56	
K	47	49	55	52	58	54	42	41	0	54	53	73	64	69	68	60	61	
L	92	72	95	82	93	86	120	102	0	112	139	149	126	134	115	107	134	
M	31	21	23	26	19	23	24	33	0	38	29	30	26	34	27	24	19	
N	45	39	45	45	46	56	55	30	0	34	28	32	49	42	55	34	41	
P	44	45	24	38	43	37	39	32	0	17	12	15	26	31	23	34	36	
Q	48	33	36	35	40	46	38	51	0	45	44	44	42	40	46	41	38	
R	45	45	47	43	49	42	47	44	0	45	55	33	43	62	40	45	47	
S	55	72	55	60	60	57	50	61	0	52	49	60	55	41	52	51	54	
T	56	63	45	61	55	63	50	53	0	55	46	58	33	53	45	39	47	
V	74	80	75	76	64	72	73	71	0	71	75	71	55	73	65	66	68	
W	16	16	11	21	16	21	11	23	0	18	16	11	11	13	16	19	14	
Y	43	35	27	39	32	30	39	33	0	32	44	31	23	39	20	41	34	


=H,C=
	
A	56	60	63	58	63	51	67	55	0	44	54	57	65	60	79	77	63	
C	17	17	8	12	21	20	16	20	0	14	9	13	18	15	15	13	15	
D	46	38	43	48	50	49	43	43	0	56	63	73	44	35	34	46	36	
E	43	41	40	46	39	51	45	56	0	38	47	63	51	55	41	48	43	
F	31	45	37	28	39	36	30	24	0	28	36	26	32	29	35	24	36	
G	59	54	53	58	60	61	83	88	0	106	78	56	63	50	63	72	80	
H	15	20	21	24	20	17	21	24	779	20	18	17	17	20	19	19	17	
I	37	55	44	56	50	38	31	33	0	36	42	49	54	46	44	44	31	
K	43	46	49	54	38	35	52	35	0	27	50	31	39	47	36	36	43	
L	71	77	66	59	72	65	59	55	0	46	47	68	70	67	72	64	64	
M	17	22	19	16	13	23	13	10	0	10	14	8	9	23	16	17	8	
N	38	23	30	24	46	33	30	41	0	29	39	31	32	37	33	39	31	
P	40	45	29	37	43	39	51	45	0	95	48	46	37	37	44	28	36	
Q	29	27	24	24	26	29	26	28	0	22	17	22	28	20	28	29	28	
R	31	46	44	35	33	34	41	31	0	30	30	27	43	32	24	33	44	
S	33	35	46	43	34	51	37	58	0	56	43	59	40	50	52	48	47	
T	52	40	42	45	42	47	47	52	0	51	46	48	46	48	49	34	49	
V	71	57	67	58	45	52	53	42	0	34	57	50	50	66	59	66	60	
W	13	10	20	11	6	12	8	11	0	12	12	10	10	14	9	9	16	
Y	36	21	33	43	39	36	26	27	0	25	28	25	30	27	26	33	32	


=H,E=
	
A	27	30	33	27	22	26	25	32	0	21	23	35	34	31	25	38	28	
C	6	3	11	3	8	4	3	10	0	14	5	9	5	3	7	3	4	
D	40	25	27	26	23	21	15	15	0	17	25	21	25	37	23	27	31	
E	24	12	21	21	19	17	28	7	0	14	21	16	20	22	33	16	26	
F	15	16	10	11	19	15	21	36	0	19	23	17	17	14	11	17	13	
G	35	47	50	34	48	31	44	33	0	20	37	41	37	32	44	31	50	
H	8	16	2	11	8	12	17	7	406	11	17	15	9	14	6	14	13	
I	25	15	22	19	23	24	28	41	0	40	27	21	22	20	14	21	15	
K	29	24	27	28	21	26	19	15	0	17	12	23	23	17	13	17	12	
L	35	37	33	35	30	31	20	29	0	47	33	31	32	27	27	29	28	
M	7	7	6	7	4	9	5	7	0	11	8	7	7	10	7	9	3	
N	20	23	32	22	26	20	17	7	0	10	20	16	24	23	23	19	23	
P	16	23	31	18	30	17	15	12	0	11	19	18	17	24	24	19	18	
Q	6	11	10	7	15	8	11	10	0	12	7	12	14	13	12	13	13	
R	22	18	13	25	12	22	19	20	0	15	16	9	15	18	23	15	18	
S	20	28	19	27	22	32	28	18	0	20	33	31	38	30	30	31	42	
T	20	24	17	35	21	26	36	36	0	22	20	28	29	23	30	30	32	
V	24	23	20	28	28	40	32	47	0	46	31	35	24	31	31	29	23	
W	11	5	6	4	10	7	6	10	0	13	7	3	4	6	6	10	7	
Y	16	19	16	17	17	18	16	14	0	25	22	17	10	11	17	17	7	


=H,H=
	
A	38	55	52	53	45	53	48	55	0	41	53	54	39	41	57	52	48	
C	3	11	6	6	15	14	13	9	0	13	5	6	6	5	6	5	9	
D	39	33	23	26	32	25	28	25	0	22	22	26	34	23	32	23	37	
E	31	33	29	45	39	46	31	43	0	44	32	36	36	31	39	36	24	
F	18	19	21	21	25	24	21	14	0	27	27	24	23	19	20	14	21	
G	43	37	37	31	29	21	26	27	0	30	33	50	39	37	36	36	34	
H	13	11	17	12	20	14	9	10	525	10	12	10	18	11	14	14	7	
I	30	27	27	29	25	27	26	27	0	28	19	32	27	28	27	19	38	
K	25	31	29	19	24	28	24	36	0	30	29	34	27	45	34	35	29	
L	37	60	44	41	55	58	63	42	0	75	65	55	62	55	54	51	57	
M	13	7	18	14	13	15	14	13	0	19	16	12	13	16	6	13	13	
N	24	21	25	25	21	22	18	27	0	14	17	22	22	24	32	19	21	
P	23	25	29	24	23	22	27	15	0	1	12	15	21	14	22	13	23	
Q	19	18	17	21	16	16	20	31	0	20	30	16	17	23	22	23	19	
R	31	21	30	27	29	21	21	33	0	30	27	28	29	24	30	30	30	
S	37	29	43	33	33	28	32	32	0	23	14	13	25	27	23	38	29	
T	36	21	29	27	25	30	32	37	0	22	35	28	25	29	21	28	23	
V	33	42	29	32	21	34	37	23	0	47	47	29	31	43	24	37	30	
W	6	7	6	8	6	8	12	10	0	10	10	10	7	5	11	13	2	
Y	25	17	13	30	29	19	23	15	0	19	20	25	24	25	15	25	29	


=I,C=
	
A	90	97	86	104	82	89	73	54	0	63	73	73	77	72	96	86	72	
C	24	19	15	15	13	18	19	16	0	7	18	14	13	24	17	9	19	
D	60	64	78	52	74	88	65	99	0	109	85	82	78	69	61	72	68	
E	67	61	45	54	54	53	61	53	0	58	67	61	75	62	65	64	63	
F	41	39	42	40	34	45	33	31	0	19	26	35	38	32	50	33	46	
G	77	77	99	67	85	98	109	190	0	105	103	109	72	75	87	78	84	
H	18	24	27	24	26	32	23	32	0	31	27	21	26	25	26	21	23	
I	62	46	61	67	69	43	44	25	1049	33	30	51	56	77	70	49	59	
K	65	74	72	62	68	71	78	73	0	64	64	56	65	50	66	69	57	
L	84	97	88	98	61	72	71	49	0	44	59	59	74	89	75	89	98	
M	21	27	22	21	22	9	14	16	0	9	14	15	17	17	19	25	34	
N	47	36	41	54	66	60	76	71	0	65	48	59	42	37	37	54	45	
P	51	44	40	47	52	54	67	58	0	147	92	72	60	52	55	50	48	
Q	35	34	29	42	41	46	47	34	0	29	36	28	37	34	31	38	33	
R	51	47	46	41	60	51	41	45	0	54	57	48	44	43	42	48	38	
S	57	71	61	68	71	78	77	71	0	67	72	66	77	74	68	66	71	
T	67	51	53	70	56	53	69	55	0	66	64	73	75	81	65	76	54	
V	76	80	70	62	56	49	39	46	0	39	53	72	70	87	65	70	78	
W	18	16	19	18	12	13	12	8	0	12	23	13	15	16	13	12	18	
Y	37	45	54	42	46	27	29	22	0	28	36	40	38	32	38	39	39	


=I,E=
	
A	140	146	125	109	104	104	115	114	0	125	122	114	141	122	117	136	121	
C	20	14	24	20	15	24	24	25	0	28	22	30	33	23	25	28	25	
D	86	109	120	88	120	120	91	73	0	103	98	134	128	108	98	110	107	
E	88	78	102	88	88	66	83	71	0	87	70	103	111	89	76	98	110	
F	57	50	50	58	36	52	68	68	0	70	92	43	46	44	55	41	51	
G	119	147	172	188	197	169	164	123	0	122	164	177	217	199	191	156	162	
H	33	36	28	36	45	40	42	44	0	42	32	41	43	42	37	47	39	
I	85	79	75	62	74	81	104	125	1619	117	118	68	78	57	71	70	75	
K	122	118	107	107	125	116	98	84	0	79	50	82	78	92	75	83	82	
L	125	109	115	124	108	89	137	129	0	132	135	108	83	111	109	107	118	
M	38	26	22	27	19	19	34	31	0	28	34	35	22	24	32	26	32	
N	83	94	84	82	103	92	72	59	0	76	74	103	96	95	87	96	79	
P	86	101	93	105	104	82	68	48	0	61	74	83	77	87	96	85	68	
Q	61	65	60	60	47	65	36	49	0	37	40	40	45	50	61	59	60	
R	81	76	74	78	58	93	74	92	0	75	61	56	56	59	65	71	68	
S	122	97	115	122	112	83	89	89	0	86	97	105	118	125	128	117	117	
T	102	97	97	99	91	118	88	133	0	134	103	106	100	112	114	117	117	
V	93	106	98	86	100	133	144	162	0	132	160	116	87	97	99	104	110	
W	23	16	12	19	15	23	29	28	0	13	24	12	17	22	25	19	26	
Y	53	53	43	57	56	48	57	71	0	67	46	61	43	58	57	47	51	


=I,H=
	
A	142	131	148	150	135	163	162	168	0	193	161	186	150	148	139	143	128	
C	19	25	20	14	19	21	13	12	0	16	12	19	24	14	10	16	17	
D	100	97	95	107	74	88	150	93	0	100	107	61	54	96	90	84	78	
E	112	87	118	130	99	102	171	131	0	117	137	93	79	126	133	76	118	
F	65	54	43	48	64	64	29	52	0	48	43	61	69	43	58	71	44	
G	119	110	116	98	80	77	85	90	0	69	102	110	76	110	118	97	125	
H	33	24	32	34	33	29	22	28	0	27	27	28	31	37	30	32	29	
I	93	89	76	70	119	98	45	81	1483	79	42	108	122	58	75	90	100	
K	95	74	99	89	71	86	127	95	0	95	147	89	111	131	109	89	110	
L	124	128	112	123	150	154	81	138	0	126	101	178	170	128	112	165	125	
M	31	46	25	31	42	31	22	33	0	26	26	48	50	18	38	43	33	
N	65	65	81	70	75	70	87	74	0	76	107	69	71	79	77	77	66	
P	56	62	70	63	46	52	57	40	0	34	26	28	36	61	43	60	78	
Q	47	53	64	59	48	65	78	64	0	73	84	57	53	74	68	61	61	
R	58	56	64	70	70	71	84	83	0	92	89	63	73	80	95	53	60	
S	93	90	91	91	81	80	92	102	0	95	98	67	59	81	80	76	83	
T	89	88	84	75	94	72	64	67	0	67	67	64	60	61	63	73	65	
V	73	113	81	96	102	94	58	69	0	89	42	73	109	73	74	84	86	
W	21	28	14	19	15	18	16	18	0	16	17	22	20	13	25	22	18	
Y	48	63	50	44	65	47	38	44	0	44	46	59	65	50	46	70	59	


=K,C=
	
A	142	132	161	148	146	135	148	131	0	109	101	130	117	121	139	151	142	
C	38	25	31	28	38	30	27	26	0	29	33	23	29	36	38	25	33	
D	93	95	89	105	100	124	153	140	0	133	128	126	104	112	121	101	113	
E	121	107	117	109	112	111	114	103	0	93	106	122	112	120	104	93	103	
F	83	80	79	84	78	75	54	66	0	51	83	52	82	86	80	73	77	
G	118	135	133	138	127	120	179	259	0	217	160	130	132	130	135	129	117	
H	38	42	39	53	39	35	41	31	0	34	42	34	25	39	43	44	42	
I	109	110	119	114	104	98	82	69	0	78	107	106	121	109	138	105	110	
K	108	115	134	108	98	123	121	98	1791	111	120	127	99	108	107	106	116	
L	154	155	157	134	156	171	128	128	0	123	109	121	149	131	119	153	159	
M	41	38	35	42	36	36	40	30	0	16	27	25	37	34	30	48	35	
N	88	93	87	81	87	97	103	95	0	101	84	75	71	67	80	76	86	
P	78	87	63	77	100	108	89	117	0	145	121	115	106	82	67	77	66	
Q	65	63	57	59	64	50	58	56	0	52	43	64	63	60	86	63	58	
R	69	69	65	90	68	67	62	51	0	74	58	93	69	66	64	71	62	
S	107	111	91	113	110	100	107	114	0	115	116	105	103	91	118	104	121	
T	99	95	99	75	87	110	97	104	0	120	120	125	118	138	94	103	113	
V	131	128	145	129	144	95	110	99	0	109	131	126	163	168	139	164	135	
W	28	26	24	29	24	31	24	16	0	16	34	23	33	23	30	32	26	
Y	80	85	65	74	72	73	54	57	0	65	66	69	58	67	58	71	76	


=K,E=
	
A	79	60	65	55	54	63	60	51	0	48	46	57	60	47	48	49	62	
C	17	13	9	12	15	13	10	9	0	19	9	19	12	14	12	15	19	
D	55	50	48	51	40	43	41	23	0	24	47	55	42	54	58	59	43	
E	45	54	44	45	50	41	55	39	0	29	54	37	41	55	52	44	47	
F	37	26	37	32	31	32	29	46	0	38	24	32	27	24	27	35	35	
G	57	70	85	75	84	76	94	76	0	41	62	59	83	91	81	81	82	
H	15	16	14	20	26	22	22	17	0	11	17	16	21	24	16	21	22	
I	37	38	37	47	48	42	34	79	0	71	56	60	49	41	40	56	44	
K	62	46	63	57	54	64	33	39	811	28	35	41	50	45	50	44	58	
L	60	56	62	54	48	61	62	73	0	95	58	71	49	58	57	54	58	
M	13	14	13	9	8	18	13	14	0	28	12	14	17	15	11	7	16	
N	31	41	35	49	37	28	60	27	0	28	41	51	46	44	51	40	34	
P	41	32	35	39	49	27	31	12	0	23	32	29	32	30	42	42	39	
Q	28	35	20	25	22	28	19	26	0	12	22	35	25	27	17	24	29	
R	29	32	32	31	26	32	29	26	0	31	27	18	24	31	25	25	37	
S	51	57	63	45	60	52	50	30	0	44	60	71	58	64	62	51	52	
T	51	63	50	64	52	53	60	52	0	49	71	51	72	46	69	58	59	
V	46	69	42	63	70	69	65	114	0	138	87	60	62	50	55	58	44	
W	13	12	16	7	8	13	11	20	0	23	12	8	10	16	7	13	9	
Y	44	24	41	29	25	33	31	36	0	30	37	25	29	34	29	33	22	


=K,H=
	
A	168	171	155	200	181	214	222	227	0	220	191	203	163	211	180	153	154	
C	22	21	25	20	17	12	24	21	0	16	26	22	18	18	16	14	22	
D	122	145	130	112	136	152	81	105	0	116	66	84	166	105	89	105	112	
E	133	166	131	118	193	203	114	176	0	175	94	169	191	130	87	134	160	
F	61	63	90	80	64	62	100	64	0	81	116	64	47	78	63	64	72	
G	135	107	137	112	96	112	71	65	0	68	125	160	124	132	134	117	105	
H	33	27	29	32	23	30	26	27	0	41	36	40	36	35	47	40	34	
I	106	89	94	110	100	86	144	87	0	101	139	108	91	105	111	108	123	
K	136	141	118	93	109	82	104	138	1811	139	103	107	116	107	151	163	142	
L	140	119	167	210	138	150	231	223	0	189	269	188	172	193	211	152	160	
M	48	37	48	43	42	27	58	56	0	40	43	32	33	28	49	41	40	
N	87	87	78	71	65	80	58	64	0	84	78	80	83	89	77	82	83	
P	63	71	52	67	74	66	37	41	0	14	28	52	73	58	73	67	58	
Q	72	71	61	64	79	88	68	75	0	74	60	83	78	74	58	57	76	
R	73	78	74	71	83	82	74	81	0	99	71	85	83	98	80	90	80	
S	112	109	94	94	90	90	73	86	0	76	61	77	91	96	88	85	88	
T	107	116	107	94	109	106	87	84	0	85	64	69	83	86	71	101	94	
V	116	106	130	128	131	95	127	101	0	96	123	110	98	86	122	156	136	
W	26	30	21	20	22	17	35	34	0	20	35	20	18	17	33	22	18	
Y	49	57	68	72	59	57	77	56	0	77	83	58	47	65	71	59	53	


=L,C=
	
A	141	156	143	152	141	138	118	136	0	109	129	123	144	135	163	162	181	
C	31	35	21	27	27	23	43	26	0	22	30	25	31	38	23	26	32	
D	112	97	114	107	116	99	108	147	0	137	152	159	136	100	109	129	92	
E	109	102	127	130	120	127	111	92	0	83	109	136	143	113	128	112	108	
F	72	73	75	87	60	62	63	51	0	43	54	50	62	71	70	56	75	
G	126	124	122	140	147	174	160	231	0	222	179	169	134	127	150	134	123	
H	43	35	44	37	45	47	49	55	0	42	47	35	57	39	30	51	35	
I	106	102	96	108	90	82	65	47	0	49	66	64	80	125	109	86	115	
K	116	96	95	98	108	116	124	117	0	109	98	103	93	92	96	85	84	
L	163	171	160	166	151	153	157	94	1803	77	132	114	108	180	148	151	182	
M	26	35	34	41	37	35	19	28	0	26	18	31	29	25	42	41	20	
N	81	92	85	73	80	103	90	126	0	124	100	94	83	72	67	91	93	
P	77	84	84	77	85	89	105	125	0	234	148	141	111	95	83	90	82	
Q	71	67	75	67	69	60	65	69	0	50	65	60	75	68	57	70	54	
R	85	92	90	76	92	85	93	73	0	82	78	76	78	80	70	89	82	
S	111	96	103	97	133	121	146	130	0	135	128	124	101	107	120	116	110	
T	112	109	110	106	93	97	107	105	0	129	91	108	115	102	107	105	112	
V	125	139	137	133	122	109	92	79	0	71	90	114	128	151	135	130	124	
W	26	31	22	23	25	24	24	22	0	14	17	19	28	24	27	23	29	
Y	69	62	66	56	59	59	64	48	0	41	70	58	63	59	69	55	69	


=L,E=
	
A	151	123	136	118	124	106	109	104	0	103	119	119	119	122	110	117	136	
C	17	26	22	34	20	22	34	25	0	33	42	17	28	27	21	30	20	
D	115	98	96	99	115	118	70	55	0	92	92	132	119	125	130	106	96	
E	92	93	105	102	100	98	57	80	0	71	52	92	105	74	93	113	96	
F	50	62	48	38	49	38	80	73	0	63	73	55	62	44	50	62	64	
G	142	137	140	157	181	200	166	102	0	102	147	186	188	192	175	147	172	
H	38	46	43	53	48	50	35	40	0	36	28	45	34	36	39	42	35	
I	76	86	71	81	82	81	123	131	0	125	131	80	74	57	57	71	75	
K	113	125	120	106	107	103	70	110	0	72	87	82	77	82	86	87	89	
L	143	147	123	103	84	94	141	140	1648	146	162	85	90	107	104	126	102	
M	23	27	28	23	22	23	26	30	0	44	29	25	21	28	28	27	33	
N	79	93	98	90	74	102	68	54	0	75	79	101	99	102	92	74	70	
P	77	90	88	108	92	81	78	62	0	54	79	82	86	98	88	108	96	
Q	71	57	77	64	66	52	50	63	0	45	33	51	63	64	71	57	77	
R	78	72	87	81	93	74	74	94	0	59	52	64	64	48	57	64	63	
S	100	108	106	117	112	95	87	85	0	114	88	121	126	123	128	125	113	
T	84	85	102	101	115	104	96	138	0	135	88	120	109	130	122	109	114	
V	110	97	93	102	93	129	182	179	0	175	176	112	103	101	107	100	120	
W	20	28	15	15	23	21	31	22	0	28	25	26	23	26	28	29	21	
Y	69	47	48	56	47	57	69	61	0	75	66	53	58	60	62	54	54	


=L,H=
	
A	265	248	288	316	297	337	327	367	0	369	337	333	284	295	310	272	268	
C	36	48	36	22	38	54	25	38	0	38	22	26	48	35	31	38	33	
D	202	185	206	232	151	157	217	182	0	164	192	122	141	173	200	156	146	
E	184	140	253	268	194	196	310	239	0	247	326	189	152	247	192	200	196	
F	130	121	85	84	130	107	67	110	0	85	73	112	116	104	91	102	118	
G	266	206	224	186	187	169	156	122	0	151	179	182	256	255	214	211	250	
H	64	63	65	64	69	57	62	70	0	49	67	75	69	59	76	77	79	
I	156	171	129	138	165	176	112	124	0	144	92	169	172	165	151	183	151	
K	138	134	173	171	145	163	238	180	0	240	238	191	175	226	208	163	178	
L	266	305	249	264	354	335	221	294	2992	305	230	387	401	252	286	341	293	
M	75	91	59	63	84	83	50	81	0	75	58	96	83	63	51	58	53	
N	148	161	150	138	135	118	137	124	0	135	181	108	120	140	127	130	143	
P	115	138	142	131	104	104	118	71	0	45	67	72	107	121	120	140	149	
Q	148	108	138	149	97	161	179	149	0	153	184	142	113	137	141	107	115	
R	121	144	161	154	124	143	202	156	0	212	192	147	167	149	157	143	156	
S	199	198	178	162	172	143	178	183	0	164	199	144	127	153	160	142	166	
T	166	184	167	180	175	135	153	179	0	117	141	139	130	130	166	173	139	
V	180	196	166	147	212	201	133	157	0	154	111	196	173	163	171	203	207	
W	35	36	36	38	45	45	29	49	0	36	27	38	40	38	24	37	40	
Y	98	115	86	85	113	106	78	116	0	109	76	124	117	87	115	116	112	


=M,C=
	
A	28	30	35	33	25	39	36	36	0	20	26	35	31	33	31	39	27	
C	14	10	6	7	9	5	7	8	0	4	3	8	4	10	5	4	3	
D	29	13	24	30	17	29	31	26	0	39	39	30	32	27	29	27	37	
E	23	25	29	27	30	22	31	33	0	16	20	29	36	26	28	25	26	
F	20	21	18	19	18	21	18	16	0	9	19	21	17	24	20	22	21	
G	35	32	36	33	40	41	35	71	0	65	56	39	37	35	21	27	36	
H	9	11	7	17	7	9	16	12	0	15	10	13	9	8	15	6	9	
I	33	32	35	23	23	27	18	9	0	18	13	11	18	31	24	29	32	
K	30	16	21	24	29	25	28	21	0	24	32	26	24	19	31	24	40	
L	31	38	41	33	41	31	27	30	0	14	18	25	30	29	34	34	39	
M	7	14	13	10	14	17	14	7	444	5	11	20	10	8	15	7	8	
N	15	24	11	22	20	17	29	31	0	29	22	30	25	21	13	24	18	
P	20	18	26	21	31	28	23	28	0	53	44	32	25	17	26	21	26	
Q	17	20	14	19	18	8	14	16	0	23	18	7	18	15	14	18	18	
R	23	29	19	18	19	24	24	10	0	14	19	20	13	18	23	12	18	
S	27	24	25	26	21	27	27	31	0	29	22	28	29	33	31	34	23	
T	20	34	26	28	33	25	20	24	0	29	20	28	33	33	34	41	20	
V	38	30	33	29	31	29	29	16	0	19	39	24	30	41	30	28	23	
W	5	7	7	7	5	6	5	4	0	7	3	5	7	5	4	6	6	
Y	19	15	18	18	12	14	12	15	0	11	10	13	15	10	16	15	14	


=M,E=
	
A	34	31	16	25	35	22	19	27	0	30	28	32	24	36	27	28	21	
C	5	6	5	6	8	7	8	6	0	7	8	4	7	7	7	8	6	
D	29	18	27	30	23	19	13	13	0	14	21	23	29	27	27	23	32	
E	26	11	13	16	30	16	11	11	0	19	14	19	20	21	29	22	21	
F	14	7	10	12	9	12	14	13	0	13	27	8	10	18	12	14	8	
G	35	28	49	43	39	46	42	27	0	24	31	39	43	42	44	41	36	
H	5	15	8	12	7	9	8	12	0	2	6	9	6	10	7	6	9	
I	22	20	19	16	15	30	32	27	0	29	34	11	14	17	12	21	24	
K	23	38	27	28	28	20	18	26	0	19	19	18	17	24	17	23	21	
L	17	33	33	27	18	34	29	39	0	36	32	24	20	23	20	23	31	
M	6	6	6	7	7	7	9	10	378	11	11	4	9	7	8	7	5	
N	15	28	19	19	19	16	16	12	0	13	14	19	29	27	28	24	24	
P	17	25	26	23	17	17	22	16	0	17	13	19	25	12	32	15	14	
Q	17	11	12	18	7	8	12	11	0	9	7	14	17	13	6	13	17	
R	10	18	17	11	26	18	20	11	0	11	8	19	17	15	17	13	16	
S	28	25	31	20	21	20	23	19	0	23	24	27	20	25	21	30	30	
T	28	14	27	21	17	25	12	22	0	27	25	35	26	24	17	28	26	
V	32	20	15	26	33	33	52	55	0	58	36	30	26	16	21	22	22	
W	5	3	8	7	2	5	4	10	0	5	9	8	10	4	8	5	1	
Y	10	21	9	11	17	13	14	9	0	11	11	16	9	8	17	12	13	


=M,H=
	
A	62	60	73	55	78	75	66	79	0	82	81	85	79	75	58	66	63	
C	7	7	12	10	8	12	7	2	0	10	3	6	10	10	8	7	14	
D	47	34	38	50	39	54	65	39	0	37	52	28	36	40	44	39	36	
E	48	44	50	66	48	27	57	56	0	46	65	41	36	43	54	45	51	
F	25	35	25	22	40	34	24	30	0	21	20	26	33	25	27	26	24	
G	57	65	55	60	43	40	33	41	0	44	34	39	49	57	47	56	54	
H	12	13	16	20	14	10	13	16	0	13	15	27	13	20	21	24	19	
I	45	38	33	25	48	41	24	27	0	32	22	36	50	30	36	45	32	
K	35	39	43	27	29	28	36	37	0	56	61	36	45	49	50	43	39	
L	54	52	49	58	74	82	49	73	0	90	47	92	91	78	67	94	50	
M	18	18	18	15	18	22	20	18	701	19	21	22	22	19	14	21	17	
N	34	22	27	29	26	32	36	31	0	34	30	28	36	30	39	24	26	
P	31	23	40	32	25	28	28	19	0	10	16	10	18	21	21	33	33	
Q	22	47	34	31	23	22	47	40	0	28	47	30	25	23	32	23	25	
R	25	30	28	37	23	38	39	48	0	42	56	45	39	47	38	38	36	
S	47	45	43	50	38	35	48	38	0	30	39	22	28	46	43	21	38	
T	42	51	41	44	42	40	37	38	0	36	37	37	24	24	25	33	41	
V	54	46	39	44	55	52	37	41	0	39	25	44	39	43	48	37	61	
W	9	9	8	7	9	5	6	4	0	7	8	12	5	10	11	9	13	
Y	26	23	28	19	21	24	29	24	0	24	22	35	22	11	18	17	29	


=N,C=
	
A	167	157	167	170	147	162	170	160	0	143	151	150	145	163	177	157	181	
C	31	37	41	34	37	38	38	18	0	32	38	28	39	30	35	30	50	
D	130	109	111	102	137	127	154	148	0	141	181	130	131	118	118	137	106	
E	104	114	118	119	102	112	118	126	0	103	127	110	110	115	126	116	114	
F	96	82	110	85	103	110	84	78	0	77	74	84	115	104	92	93	89	
G	179	168	162	148	158	155	186	207	0	231	170	184	146	144	142	178	163	
H	50	46	43	47	45	41	51	33	0	39	34	48	66	43	50	40	53	
I	98	153	133	126	118	125	115	96	0	91	111	117	159	130	122	117	124	
K	114	109	135	120	128	117	122	124	0	111	142	104	96	109	107	108	115	
L	186	187	167	176	200	181	161	168	0	133	126	182	180	160	177	193	186	
M	41	51	47	56	41	47	29	39	0	33	36	37	36	44	33	46	38	
N	117	100	97	106	107	102	99	146	2110	128	90	102	84	103	98	96	100	
P	84	93	90	84	93	102	99	128	0	200	138	112	107	113	105	108	78	
Q	75	74	63	67	69	65	79	85	0	75	75	71	58	82	78	88	73	
R	100	86	83	89	74	91	70	87	0	86	93	80	101	96	85	81	98	
S	132	125	118	149	141	143	145	133	0	131	149	152	122	141	154	129	136	
T	127	131	137	109	114	115	139	117	0	139	146	151	138	126	119	123	127	
V	162	169	147	200	169	154	149	116	0	104	129	150	156	163	175	145	149	
W	33	41	51	41	39	31	29	30	0	35	20	36	36	40	36	35	38	
Y	83	78	90	82	88	92	73	71	0	78	80	82	85	86	81	90	92	


=N,E=
	
A	33	31	39	41	33	43	42	38	0	38	38	36	28	38	54	44	30	
C	9	7	16	2	8	9	4	12	0	13	12	9	10	9	13	10	9	
D	28	26	26	37	32	22	23	17	0	11	31	41	26	44	31	31	43	
E	31	19	25	24	23	22	20	18	0	18	24	25	26	29	21	25	23	
F	20	16	21	23	25	19	19	36	0	28	18	34	24	26	25	22	20	
G	43	57	53	46	54	38	63	42	0	40	43	50	51	48	52	52	43	
H	9	10	16	16	14	8	14	6	0	7	9	10	6	7	9	8	9	
I	31	29	24	29	29	51	31	51	0	50	36	28	34	23	27	21	28	
K	36	33	35	30	24	34	23	21	0	22	29	16	26	33	26	32	34	
L	37	39	35	42	35	45	44	52	0	61	31	42	33	28	37	51	40	
M	9	9	8	10	17	3	10	11	0	12	8	9	9	6	10	11	7	
N	25	26	32	27	22	29	27	13	529	27	36	35	36	40	33	30	21	
P	23	37	25	23	27	26	13	13	0	8	26	8	21	30	27	24	31	
Q	22	24	21	21	19	18	25	19	0	17	21	19	18	8	16	18	21	
R	24	22	30	24	17	15	20	12	0	16	12	20	29	17	14	21	27	
S	50	35	30	30	30	34	29	24	0	27	37	46	31	38	31	34	39	
T	30	43	37	41	36	44	37	28	0	35	34	34	47	35	37	36	38	
V	44	41	34	40	55	40	54	65	0	56	43	40	39	47	33	38	46	
W	7	10	4	3	11	7	11	11	0	10	9	7	10	9	10	6	8	
Y	18	15	18	20	18	22	20	40	0	33	32	20	25	14	23	15	12	


=N,H=
	
A	94	95	93	113	72	108	95	106	0	139	123	103	94	98	94	88	92	
C	19	8	12	14	9	19	17	22	0	15	17	26	9	18	14	12	13	
D	62	78	64	63	78	67	42	47	0	45	32	44	56	48	47	61	59	
E	59	68	54	54	86	68	54	78	0	75	38	45	80	46	52	61	54	
F	39	35	47	35	30	39	46	44	0	47	41	34	42	35	43	39	36	
G	68	80	79	68	66	60	37	37	0	36	63	71	66	69	62	67	84	
H	15	19	29	22	22	23	11	14	0	29	23	19	21	20	33	21	18	
I	59	59	52	63	65	59	86	72	0	62	94	71	49	53	60	54	49	
K	50	52	39	50	47	51	57	69	0	52	48	91	66	62	72	87	70	
L	73	68	85	93	67	72	151	111	0	108	136	100	77	121	118	100	87	
M	20	14	26	12	31	25	28	26	0	29	36	17	20	22	15	15	21	
N	36	51	46	55	53	59	39	36	998	42	38	57	63	48	49	47	50	
P	47	32	39	34	27	24	32	22	0	5	18	22	38	42	36	38	34	
Q	36	47	35	40	66	40	33	36	0	45	30	33	43	36	28	34	38	
R	52	44	33	49	42	38	33	53	0	54	40	60	53	53	47	48	42	
S	86	69	73	56	58	55	56	53	0	54	24	53	67	62	45	70	66	
T	65	58	69	58	71	69	47	35	0	52	40	45	46	45	48	33	56	
V	62	74	59	62	54	61	60	69	0	51	81	60	54	69	69	64	80	
W	14	12	17	15	16	23	26	24	0	15	23	14	20	13	27	15	8	
Y	41	35	47	42	37	38	47	43	0	42	52	32	34	38	38	44	40	


=P,C=
	
A	223	205	223	215	199	205	161	196	0	159	198	176	190	187	198	198	192	
C	36	34	46	62	41	39	47	53	0	39	40	29	36	35	38	48	36	
D	138	129	137	119	128	144	164	138	0	203	160	131	143	148	159	164	144	
E	150	144	124	122	133	144	142	118	0	147	135	133	137	149	155	121	156	
F	99	115	116	103	95	96	105	106	0	107	86	99	98	112	104	110	130	
G	184	190	186	179	179	206	224	161	0	317	230	205	177	182	154	181	194	
H	52	38	61	58	52	57	59	80	0	55	72	57	69	54	63	66	54	
I	138	140	138	147	125	138	118	158	0	79	134	126	167	167	127	144	141	
K	112	138	129	110	154	139	138	138	0	127	113	128	138	123	122	128	117	
L	213	234	193	232	239	212	178	231	0	149	185	182	198	202	206	229	200	
M	57	44	53	40	50	40	43	50	0	37	42	51	56	52	59	45	54	
N	101	114	113	122	120	93	136	154	0	129	108	119	111	105	107	115	112	
P	104	111	127	126	116	128	132	117	2468	137	156	141	139	128	130	108	104	
Q	72	86	80	82	98	85	80	81	0	78	77	94	84	86	93	101	83	
R	111	107	119	115	118	106	124	88	0	80	89	105	128	103	118	118	120	
S	163	155	161	153	156	184	159	154	0	181	164	175	142	143	161	146	151	
T	159	149	158	148	158	147	158	151	0	148	175	191	148	164	153	147	158	
V	202	189	175	189	161	175	148	165	0	169	169	176	184	193	193	167	181	
W	46	42	37	43	42	38	36	25	0	37	34	42	32	35	38	42	42	
Y	106	101	91	102	102	91	113	102	0	87	99	108	88	99	86	86	97	


=P,E=
	
A	28	33	31	31	28	17	23	27	0	35	33	18	18	22	26	23	34	
C	3	10	0	2	5	4	5	7	0	11	5	4	4	2	5	5	5	
D	23	17	25	26	22	23	10	12	0	10	23	32	18	33	27	21	20	
E	15	19	20	23	19	21	12	20	0	7	22	26	16	30	15	23	14	
F	17	12	12	9	14	17	24	12	0	20	13	12	15	16	14	13	19	
G	32	33	34	44	35	47	52	19	0	20	38	25	43	29	27	39	43	
H	5	6	11	5	8	9	5	7	0	5	5	9	8	11	14	11	10	
I	22	19	22	17	23	19	33	38	0	33	16	19	18	19	17	25	14	
K	12	25	17	21	21	17	17	26	0	14	13	21	18	15	10	18	14	
L	36	35	37	19	16	27	33	37	0	52	26	32	31	29	27	26	26	
M	6	2	10	1	3	9	9	15	0	12	9	3	7	6	8	8	5	
N	19	15	18	22	15	17	13	8	0	15	14	16	15	17	24	15	16	
P	20	16	16	21	14	11	7	3	360	0	12	25	18	22	28	19	20	
Q	15	10	9	10	12	6	6	12	0	8	8	11	14	8	16	13	14	
R	17	14	15	10	21	11	16	19	0	8	12	9	17	14	9	9	14	
S	25	27	21	29	19	21	20	10	0	20	27	29	21	19	27	25	23	
T	29	29	17	23	26	32	25	26	0	16	34	25	25	14	19	25	22	
V	21	21	27	27	37	30	30	45	0	55	32	25	34	29	28	24	28	
W	3	4	3	5	8	9	10	4	0	6	3	9	7	8	5	6	5	
Y	12	13	14	14	13	12	10	13	0	13	14	9	13	16	13	12	14	


=P,H=
	
A	48	72	55	55	53	61	47	43	0	74	69	91	96	63	71	64	66	
C	9	12	4	7	8	10	9	14	0	8	12	10	6	11	4	12	7	
D	39	32	37	28	32	36	33	76	0	39	33	30	33	22	21	37	35	
E	26	30	45	38	56	47	23	27	0	100	33	33	55	42	27	35	50	
F	25	32	33	44	27	32	34	19	0	24	33	28	17	23	29	22	25	
G	46	46	46	55	50	48	46	34	0	24	28	19	44	29	45	48	47	
H	21	12	17	13	17	13	14	21	0	13	16	10	19	16	8	13	13	
I	35	32	32	37	29	30	42	47	0	34	40	45	21	37	59	36	37	
K	38	25	32	40	39	39	26	21	0	29	31	52	63	41	28	50	52	
L	77	67	61	61	45	59	77	63	0	56	94	58	49	92	81	64	46	
M	13	15	15	10	14	13	21	15	0	13	23	17	10	18	23	11	14	
N	26	30	34	40	30	31	37	53	0	21	22	17	19	21	24	28	29	
P	23	20	29	27	42	27	33	25	641	6	4	2	14	20	17	15	18	
Q	22	22	28	20	22	28	20	14	0	34	36	43	29	30	20	35	33	
R	27	31	20	30	35	29	24	24	0	29	22	36	37	33	42	34	38	
S	38	43	35	33	47	35	37	45	0	53	25	28	28	39	30	27	34	
T	38	40	39	38	30	30	47	46	0	19	36	25	26	23	21	35	35	
V	51	48	39	42	38	41	37	25	0	32	52	68	38	42	56	41	42	
W	19	8	14	5	6	10	8	6	0	14	7	12	6	13	11	9	5	
Y	20	24	26	16	21	22	24	23	0	19	25	17	30	25	23	25	15	


=Q,C=
	
A	89	87	83	71	91	75	79	70	0	58	77	59	58	74	82	71	74	
C	21	18	13	20	13	21	22	24	0	9	16	22	18	21	17	16	11	
D	54	57	50	40	70	61	86	61	0	69	65	67	63	65	51	78	56	
E	49	62	46	50	45	51	60	52	0	44	59	71	60	61	54	58	49	
F	35	42	54	50	42	37	46	34	0	46	33	41	40	39	27	48	33	
G	78	75	65	72	66	79	86	129	0	116	98	67	73	62	64	74	91	
H	22	27	22	17	26	25	16	27	0	23	22	20	13	15	20	19	16	
I	56	55	67	60	46	36	41	39	0	35	58	55	48	70	51	50	63	
K	54	52	46	49	59	64	39	46	0	61	47	44	41	45	44	47	60	
L	99	83	109	97	91	86	84	62	0	66	68	65	82	86	116	80	99	
M	26	21	21	16	25	15	18	13	0	14	11	9	18	22	21	20	24	
N	46	41	45	47	43	39	54	72	0	68	58	48	54	39	48	58	48	
P	49	57	51	53	47	70	53	52	0	82	72	69	62	43	51	50	36	
Q	37	32	34	40	38	29	29	35	994	30	30	31	33	35	40	35	28	
R	44	34	39	52	35	42	34	45	0	41	34	43	44	51	39	53	43	
S	47	54	63	63	65	78	59	75	0	69	66	71	68	65	63	46	75	
T	60	68	68	67	68	65	64	62	0	66	69	73	67	76	77	62	62	
V	77	71	63	75	80	57	64	42	0	39	63	82	100	72	74	76	71	
W	11	16	14	25	13	18	20	16	0	15	18	22	14	16	15	19	16	
Y	40	42	41	30	31	46	40	37	0	43	29	35	38	37	40	34	38	


=Q,E=
	
A	39	40	34	39	46	36	31	28	0	30	29	35	32	35	35	33	43	
C	5	12	8	5	10	9	10	11	0	13	8	4	4	9	6	6	10	
D	38	30	37	43	26	20	24	15	0	19	26	39	35	41	31	36	40	
E	29	27	26	17	17	23	19	19	0	20	29	22	26	26	31	22	23	
F	18	13	15	13	22	21	18	30	0	37	28	20	18	16	20	23	14	
G	47	41	52	48	54	51	51	50	0	33	38	44	51	59	61	45	47	
H	13	9	11	12	10	10	12	10	0	12	9	10	15	8	13	14	11	
I	24	27	30	22	34	32	34	33	0	40	18	42	27	28	21	28	19	
K	32	30	36	33	34	38	31	23	0	15	19	26	28	26	21	40	24	
L	42	33	37	39	42	37	28	42	0	60	40	35	37	32	40	35	37	
M	7	9	4	9	8	12	5	15	0	11	10	7	8	10	9	13	7	
N	27	32	24	30	20	21	36	18	0	30	35	24	28	29	25	26	22	
P	31	26	23	24	26	20	22	21	0	16	20	20	28	20	20	22	25	
Q	16	25	20	17	11	11	18	12	507	10	17	7	14	15	25	20	17	
R	24	18	24	24	25	19	23	22	0	12	18	24	17	20	19	17	21	
S	26	40	32	45	33	32	31	30	0	22	41	34	44	37	45	36	36	
T	29	30	33	26	28	35	45	29	0	28	41	36	43	37	36	29	43	
V	40	37	33	36	38	44	38	63	0	71	48	49	31	32	24	28	40	
W	6	9	13	6	9	10	8	10	0	8	10	7	5	10	9	6	11	
Y	14	19	15	18	14	26	23	26	0	20	23	21	16	16	15	28	17	


=Q,H=
	
A	115	148	123	137	123	137	128	153	0	176	160	133	141	150	126	137	130	
C	23	12	11	16	16	8	25	23	0	15	16	14	10	15	21	15	9	
D	89	79	78	92	104	83	71	59	0	53	45	70	97	57	66	68	72	
E	93	97	69	70	95	110	73	119	0	103	80	86	132	85	82	89	91	
F	52	50	58	51	44	42	69	38	0	39	40	48	45	57	62	36	53	
G	99	80	104	82	78	74	62	58	0	55	80	114	78	74	100	95	98	
H	26	26	29	25	23	17	26	17	0	34	26	20	27	28	17	22	29	
I	80	80	70	82	55	56	83	68	0	70	88	82	59	70	82	83	68	
K	76	63	72	80	76	78	59	69	0	82	79	93	99	82	73	93	91	
L	111	119	117	131	118	127	172	146	0	154	191	175	111	168	147	111	145	
M	28	24	27	25	28	24	50	33	0	41	52	24	21	35	34	46	26	
N	62	64	49	54	59	59	38	47	0	44	45	52	76	56	46	66	63	
P	60	64	53	51	56	58	48	47	0	8	15	28	45	46	45	46	47	
Q	38	74	59	52	60	61	52	70	1319	76	55	65	63	55	45	76	51	
R	68	60	61	51	73	71	64	74	0	74	77	79	70	59	68	78	65	
S	70	93	99	77	94	87	70	83	0	68	63	67	69	63	73	68	85	
T	71	69	93	82	72	99	76	65	0	66	49	55	74	77	59	63	60	
V	95	59	80	93	73	64	83	79	0	89	94	64	53	78	108	75	76	
W	22	17	26	15	23	15	21	23	0	23	21	19	16	16	16	21	14	
Y	41	41	41	53	49	49	49	48	0	49	43	31	33	48	49	31	46	


=R,C=
	
A	132	96	107	92	99	94	88	82	0	84	87	90	101	80	101	87	111	
C	17	26	25	25	22	17	19	24	0	24	15	22	30	27	16	32	22	
D	72	73	60	79	65	74	107	79	0	97	91	88	67	84	92	70	92	
E	76	66	83	83	80	67	67	85	0	64	53	84	65	66	71	73	75	
F	58	61	47	39	46	60	49	48	0	49	59	49	43	52	46	51	51	
G	94	88	94	86	93	104	125	157	0	144	121	108	90	109	100	98	105	
H	34	26	28	34	36	23	33	31	0	33	34	37	30	30	28	34	33	
I	70	83	93	71	58	63	57	60	0	51	56	83	69	89	77	62	75	
K	78	71	56	67	75	81	67	66	0	54	58	61	66	66	57	62	46	
L	101	107	101	114	131	102	104	88	0	71	94	85	108	106	117	102	92	
M	26	25	28	26	22	27	28	15	0	12	21	19	27	26	18	28	23	
N	51	56	51	55	64	68	69	80	0	73	54	51	40	50	59	60	64	
P	70	49	67	54	65	77	67	71	0	104	94	65	85	71	56	74	47	
Q	49	45	47	47	40	48	38	46	0	41	30	42	27	44	48	40	54	
R	53	69	68	68	67	62	48	39	1266	47	50	60	59	67	68	60	36	
S	77	74	67	65	79	93	104	82	0	90	89	79	102	79	73	78	85	
T	60	67	67	81	72	70	79	74	0	95	93	81	77	66	80	100	83	
V	80	110	103	102	83	70	66	65	0	72	85	90	108	95	89	82	102	
W	18	19	25	23	21	20	13	19	0	19	22	18	20	19	14	18	27	
Y	50	55	49	55	47	46	38	55	0	42	60	53	52	40	55	55	43	


=R,E=
	
A	64	63	50	55	47	55	39	40	0	46	44	58	47	55	44	51	53	
C	7	12	10	9	7	11	14	22	0	18	8	13	10	10	11	11	18	
D	31	37	49	51	29	37	30	26	0	18	40	52	40	49	47	47	39	
E	49	39	31	40	25	33	28	36	0	30	30	27	22	46	45	36	38	
F	26	28	32	20	26	26	25	34	0	42	31	33	29	24	24	29	16	
G	68	65	63	69	78	75	85	62	0	34	58	51	66	67	77	67	60	
H	20	18	9	13	20	15	10	16	0	13	18	18	15	19	16	24	19	
I	22	36	37	38	31	41	48	69	0	74	57	51	32	30	32	34	31	
K	38	41	53	53	29	35	30	38	0	22	25	30	25	39	37	27	29	
L	55	54	42	35	43	52	48	61	0	87	53	59	59	38	45	44	50	
M	11	9	9	7	11	14	7	10	0	10	16	12	15	7	10	11	5	
N	33	27	32	37	52	25	27	20	0	20	28	29	34	37	28	26	38	
P	38	34	32	37	50	26	24	10	0	18	45	35	44	32	38	26	43	
Q	20	32	17	27	20	25	25	13	0	19	22	15	23	23	15	27	32	
R	21	36	32	40	35	36	38	28	678	18	34	30	30	34	25	30	22	
S	50	38	43	45	46	41	48	29	0	37	39	47	51	42	55	51	57	
T	51	35	47	35	47	42	47	39	0	34	33	34	41	45	45	49	53	
V	46	41	50	46	45	47	68	85	0	91	59	56	56	45	45	45	47	
W	9	8	11	7	12	9	13	12	0	8	6	6	4	9	13	14	7	
Y	19	23	28	13	23	32	23	27	0	38	32	22	34	27	25	28	21	


=R,H=
	
A	140	154	141	144	144	182	199	170	0	166	179	165	139	135	144	140	142	
C	18	26	21	20	12	14	22	25	0	16	29	15	15	26	27	12	21	
D	89	112	105	96	113	124	69	79	0	101	54	79	95	75	73	90	71	
E	109	127	99	99	157	147	97	95	0	142	73	112	140	93	94	116	96	
F	52	45	63	55	52	46	70	43	0	69	84	76	53	60	58	74	47	
G	108	107	95	108	83	73	59	54	0	53	103	105	114	99	125	108	105	
H	38	33	32	28	29	25	28	28	0	39	28	21	30	41	40	27	34	
I	79	55	83	75	80	61	100	93	0	93	87	76	81	74	69	84	88	
K	63	78	57	67	72	82	56	97	0	81	82	91	87	92	83	92	100	
L	143	121	132	124	134	133	170	203	0	168	221	158	145	166	182	152	141	
M	31	32	44	48	37	43	48	40	0	47	45	49	24	34	38	35	30	
N	84	65	66	76	67	68	51	56	0	61	40	61	59	73	54	64	68	
P	66	78	64	57	64	50	31	38	0	11	24	45	51	57	63	54	65	
Q	58	64	54	54	67	72	68	68	0	79	75	74	78	60	60	48	51	
R	58	64	72	87	58	63	65	84	1480	86	66	75	75	94	80	80	79	
S	90	88	87	89	83	87	84	63	0	79	53	60	62	73	54	67	79	
T	87	79	94	83	75	64	67	70	0	47	61	52	78	77	68	70	74	
V	85	87	93	99	82	82	113	101	0	75	88	88	80	82	95	102	108	
W	25	21	20	17	24	24	28	24	0	16	32	20	16	18	21	22	19	
Y	57	44	57	54	47	39	55	49	0	49	56	57	57	51	52	43	62	


=S,C=
	
A	194	181	188	186	200	212	190	171	0	190	167	192	201	197	209	224	220	
C	57	47	39	50	44	49	45	55	0	41	39	54	53	55	40	51	39	
D	125	133	121	150	135	111	170	173	0	160	178	154	103	136	135	123	112	
E	120	118	114	107	125	111	99	108	0	136	173	136	121	111	125	135	128	
F	84	123	97	108	105	106	93	90	0	84	82	85	99	97	117	128	114	
G	192	191	167	195	209	222	234	295	0	313	220	187	177	199	171	177	168	
H	56	64	62	51	46	60	43	50	0	58	48	66	41	57	64	45	47	
I	160	150	175	153	155	121	110	87	0	83	104	112	148	154	150	147	140	
K	126	103	138	136	129	140	127	120	0	112	123	122	122	111	117	116	131	
L	197	211	216	209	198	192	169	173	0	152	155	157	197	192	192	210	199	
M	44	43	48	52	37	36	34	37	0	26	30	38	44	47	53	47	51	
N	125	117	122	116	105	138	129	133	0	123	128	124	112	111	126	105	138	
P	117	98	126	110	102	134	146	171	0	180	156	147	132	120	110	108	120	
Q	87	79	100	81	83	77	80	75	0	88	80	100	91	92	102	95	69	
R	117	112	90	109	105	94	102	96	0	104	122	103	109	100	89	97	118	
S	155	179	154	149	172	148	204	194	2428	208	201	169	163	191	158	174	161	
T	160	164	143	154	150	161	177	154	0	147	174	171	160	144	157	128	148	
V	178	195	176	182	170	169	147	123	0	114	115	162	204	173	172	161	189	
W	38	34	42	44	53	42	43	35	0	35	45	52	48	42	34	49	45	
Y	93	84	107	85	100	101	86	85	0	72	87	94	97	96	105	106	87	


=S,E=
	
A	69	82	66	68	80	75	55	60	0	62	70	64	67	75	64	82	60	
C	12	16	20	18	13	17	13	17	0	34	12	16	20	10	21	12	19	
D	71	57	71	59	46	41	29	34	0	34	67	58	68	61	82	53	69	
E	53	52	47	43	34	41	31	26	0	20	43	49	39	46	49	37	57	
F	30	25	34	35	35	43	42	74	0	57	35	46	27	32	29	34	30	
G	84	101	108	93	112	81	82	64	0	72	68	99	76	100	88	91	82	
H	28	15	15	26	24	19	32	24	0	16	20	19	19	17	21	17	16	
I	52	46	27	57	51	48	66	72	0	86	46	49	55	49	36	53	56	
K	60	63	61	58	51	57	53	44	0	34	40	33	43	54	62	68	46	
L	59	65	58	60	62	68	71	96	0	85	62	68	77	54	56	68	58	
M	23	16	13	12	13	19	15	18	0	21	18	13	14	23	11	22	20	
N	48	45	56	47	49	53	36	23	0	30	42	44	52	58	34	48	46	
P	31	47	45	36	25	41	18	24	0	19	39	52	38	46	57	54	47	
Q	33	28	37	27	31	31	35	20	0	29	27	28	32	35	34	28	30	
R	45	35	47	31	43	38	37	36	0	19	40	32	40	34	40	35	41	
S	78	74	61	78	73	57	80	54	939	48	99	61	79	72	75	78	69	
T	64	59	78	62	72	66	82	60	0	72	73	75	60	57	75	61	61	
V	59	58	50	74	82	86	103	126	0	119	71	81	82	74	59	49	68	
W	12	13	11	17	11	17	20	13	0	24	16	16	14	12	12	10	23	
Y	26	40	32	35	29	38	36	53	0	56	46	31	33	27	34	34	40	


=S,H=
	
A	124	127	128	114	132	122	148	154	0	153	144	119	164	147	151	120	125	
C	22	24	18	26	28	20	24	14	0	20	18	17	9	21	15	15	13	
D	84	91	83	65	93	91	78	73	0	57	39	72	62	64	72	63	64	
E	90	93	84	79	91	82	71	89	0	81	59	94	72	66	74	81	77	
F	46	50	58	52	51	63	54	53	0	56	60	61	53	57	51	60	51	
G	113	126	100	110	110	100	75	72	0	72	75	77	102	96	97	95	84	
H	32	34	25	28	29	24	15	23	0	32	29	27	29	28	29	28	29	
I	64	67	76	76	53	76	89	88	0	94	104	76	60	78	81	69	78	
K	71	74	68	58	70	53	57	69	0	83	66	84	95	93	74	86	88	
L	120	101	130	119	94	124	173	143	0	165	192	134	148	129	148	128	149	
M	27	23	31	36	23	23	35	25	0	40	50	32	22	28	34	25	33	
N	64	65	52	72	66	59	43	58	0	55	59	66	69	67	59	78	80	
P	62	54	49	58	56	48	55	58	0	9	19	40	50	45	54	62	60	
Q	69	50	45	58	67	63	57	65	0	72	51	64	67	59	54	56	46	
R	67	52	43	54	66	53	45	75	0	51	77	90	57	67	68	73	64	
S	77	77	79	111	91	89	59	77	1340	70	50	71	88	81	58	76	72	
T	67	72	89	79	72	77	70	65	0	59	61	64	78	64	61	66	75	
V	78	81	104	91	89	95	101	80	0	84	105	86	73	70	81	90	93	
W	22	25	20	16	18	27	28	21	0	33	27	24	9	16	25	21	19	
Y	40	52	55	37	40	48	63	36	0	53	54	41	31	63	50	45	38	


=T,C=
	
A	181	168	151	169	149	171	144	141	0	133	160	162	157	184	169	182	169	
C	26	29	36	41	25	35	34	26	0	33	29	23	41	33	43	33	45	
D	124	119	98	113	117	117	142	153	0	146	173	138	131	136	121	105	134	
E	102	101	90	90	108	95	99	97	0	120	163	149	92	123	104	109	125	
F	92	78	82	96	86	80	80	70	0	61	73	94	100	85	94	79	86	
G	156	150	168	168	175	180	224	248	0	258	184	169	161	136	141	143	129	
H	46	37	44	48	60	54	47	50	0	54	53	53	44	49	34	37	50	
I	113	134	122	109	111	97	82	90	0	59	84	102	103	123	110	121	116	
K	122	113	105	124	117	122	111	107	0	116	100	109	100	101	92	120	112	
L	170	182	193	179	167	161	129	132	0	130	123	119	169	162	156	185	163	
M	50	52	34	42	42	42	29	34	0	30	24	37	40	37	41	41	42	
N	91	84	80	93	98	121	121	131	0	104	95	98	89	84	99	84	88	
P	109	101	75	94	97	128	144	125	0	177	156	128	107	99	101	96	99	
Q	65	65	90	81	79	66	71	57	0	64	71	91	73	85	102	85	62	
R	108	116	85	82	93	77	89	89	0	76	83	72	81	86	106	83	90	
S	115	104	134	110	116	136	165	150	0	150	170	138	132	120	135	137	136	
T	115	118	163	117	148	122	108	136	2040	135	101	118	149	131	132	136	126	
V	140	153	164	168	129	125	105	114	0	102	112	120	166	161	157	146	139	
W	45	41	38	37	38	39	34	21	0	33	28	29	25	18	35	33	33	
Y	70	93	87	78	85	72	82	69	0	57	57	91	77	87	68	85	96	


=T,E=
	
A	101	102	98	94	105	75	88	87	0	86	63	101	103	86	112	103	94	
C	14	23	28	15	17	17	20	27	0	33	24	20	12	20	25	16	23	
D	77	70	82	83	72	82	51	35	0	41	76	78	94	73	80	85	88	
E	53	62	63	67	55	54	54	52	0	35	71	60	68	68	67	72	63	
F	38	51	34	42	36	49	50	71	0	89	38	56	36	38	39	60	54	
G	116	115	135	117	142	139	175	100	0	78	95	124	140	141	113	124	116	
H	33	33	28	26	20	24	24	25	0	33	29	30	25	36	35	24	29	
I	60	61	58	87	54	77	85	116	0	126	74	72	68	60	49	54	71	
K	92	76	86	77	96	73	89	63	0	50	63	63	66	71	74	65	73	
L	98	100	86	90	79	92	68	135	0	139	82	82	76	83	85	74	88	
M	25	23	18	16	19	31	21	25	0	21	12	18	17	22	24	19	20	
N	76	63	70	61	80	60	61	45	0	43	72	75	78	71	81	72	60	
P	50	68	70	60	64	67	45	23	0	32	57	52	68	65	59	75	60	
Q	52	44	36	56	50	49	44	38	0	31	51	43	32	33	39	36	44	
R	47	48	60	50	52	46	43	40	0	40	47	39	49	55	51	50	47	
S	91	95	93	95	99	95	84	66	0	67	107	96	105	117	106	103	103	
T	99	84	92	90	100	73	110	79	1281	89	121	82	98	88	126	91	98	
V	87	92	75	94	79	115	104	148	0	154	124	116	79	89	66	94	93	
W	22	22	15	19	19	20	18	31	0	31	15	21	17	17	14	16	23	
Y	50	48	49	40	42	41	44	73	0	59	54	53	48	48	34	46	33	


=T,H=
	
A	109	118	131	104	118	124	117	113	0	145	140	115	123	121	119	105	116	
C	12	17	13	15	13	12	16	21	0	17	24	14	16	12	18	17	11	
D	85	72	81	82	83	91	78	73	0	59	64	50	48	65	61	71	63	
E	76	82	71	79	84	66	76	110	0	64	62	83	71	76	61	76	64	
F	47	40	42	49	43	49	61	50	0	47	40	39	50	50	50	45	46	
G	97	100	80	106	80	96	70	60	0	85	59	66	65	92	72	93	98	
H	24	24	26	27	22	24	32	20	0	37	32	24	20	19	17	22	32	
I	65	80	62	66	66	70	67	64	0	70	63	66	74	61	77	57	63	
K	64	70	52	71	65	51	54	90	0	72	85	98	79	59	88	86	76	
L	85	114	114	94	114	119	126	113	0	151	149	133	135	141	129	119	107	
M	18	27	22	26	22	30	34	32	0	34	35	34	38	33	30	39	26	
N	55	42	55	52	52	53	43	50	0	35	56	53	59	49	65	61	68	
P	56	46	52	45	38	44	52	32	0	11	14	26	36	51	50	47	60	
Q	49	44	43	49	61	51	44	65	0	62	60	61	56	53	50	48	50	
R	57	51	54	62	53	49	57	44	0	65	64	68	59	50	52	50	58	
S	77	55	62	63	79	76	62	63	0	61	56	65	56	54	62	57	51	
T	82	82	64	70	66	68	45	58	1190	48	44	64	66	57	59	59	64	
V	80	78	98	73	82	56	77	75	0	69	75	62	74	75	68	81	74	
W	14	13	22	22	11	14	31	15	0	17	16	24	19	17	19	17	20	
Y	38	33	45	34	34	47	47	42	0	41	52	44	46	55	42	40	43	


=V,C=
	
A	93	121	124	135	106	117	96	84	0	92	89	94	112	114	107	129	129	
C	16	16	20	25	20	26	21	20	0	14	27	16	19	29	23	21	19	
D	71	84	73	66	74	71	98	105	0	136	92	91	95	85	72	103	96	
E	87	91	89	82	78	86	81	92	0	76	79	96	98	72	71	84	90	
F	52	72	44	52	67	50	37	38	0	42	45	49	58	63	70	44	55	
G	118	97	95	108	137	130	142	214	0	166	156	127	103	93	108	103	111	
H	28	30	22	37	29	27	39	35	0	33	43	32	26	30	34	33	32	
I	79	70	79	78	73	70	54	41	0	39	49	66	70	81	82	82	65	
K	88	101	78	74	78	79	88	88	0	89	84	78	76	71	77	80	66	
L	131	115	137	132	114	120	96	72	0	71	82	85	94	111	117	123	109	
M	28	21	34	24	31	23	30	19	0	15	20	25	34	26	21	28	32	
N	70	77	65	78	61	61	78	87	0	83	77	66	71	77	64	74	73	
P	66	58	73	75	72	84	100	116	0	163	108	119	73	73	69	71	75	
Q	50	43	54	50	55	53	53	46	0	42	56	47	56	50	38	44	64	
R	65	67	61	56	68	59	63	62	0	55	65	48	59	64	75	57	50	
S	100	71	81	82	101	108	98	89	0	101	95	107	89	85	85	87	84	
T	87	88	77	73	74	78	91	79	0	94	85	96	91	105	85	81	74	
V	110	105	107	102	83	89	77	59	1399	48	98	91	99	95	118	91	100	
W	17	22	19	20	20	20	13	17	0	11	13	26	23	26	25	19	21	
Y	41	50	67	49	58	48	44	35	0	28	35	39	53	49	58	43	51	


=V,E=
	
A	216	189	192	189	158	152	142	138	0	154	174	158	172	156	177	134	176	
C	44	43	23	37	29	31	32	33	0	33	44	36	37	39	38	28	26	
D	120	133	152	138	150	132	130	88	0	94	114	155	179	155	157	154	127	
E	112	146	125	123	126	113	101	101	0	109	103	124	120	134	126	146	118	
F	62	81	61	66	53	69	94	93	0	114	113	83	77	68	75	59	91	
G	168	202	237	234	238	282	201	136	0	129	180	243	253	234	234	213	202	
H	47	62	65	64	47	58	51	51	0	54	45	55	54	57	46	49	52	
I	104	107	101	105	95	115	156	136	0	167	139	118	78	78	77	111	99	
K	156	174	142	156	164	126	137	163	0	119	89	98	122	108	130	112	118	
L	176	159	152	140	131	122	171	184	0	179	197	146	123	136	140	154	153	
M	40	32	32	37	33	29	44	59	0	55	57	36	30	34	31	39	43	
N	110	86	128	123	115	118	96	68	0	92	116	121	142	142	102	125	118	
P	107	97	121	131	130	100	92	96	0	55	89	108	125	122	112	114	124	
Q	78	73	77	66	85	78	60	72	0	63	48	59	78	76	66	72	87	
R	105	99	92	92	114	98	91	103	0	97	78	65	73	91	98	104	89	
S	147	127	138	130	158	124	100	134	0	142	153	163	177	165	144	157	154	
T	132	136	120	141	141	150	141	163	0	164	125	145	124	152	171	163	149	
V	152	127	144	108	133	179	229	233	2184	240	213	170	127	127	144	146	149	
W	39	30	23	25	17	28	26	44	0	34	28	35	27	38	35	29	28	
Y	66	80	57	78	65	79	90	88	0	90	79	65	65	72	79	73	81	


=V,H=
	
A	145	142	169	169	156	183	195	212	0	220	213	228	163	188	177	169	142	
C	14	18	20	22	22	19	17	16	0	23	18	23	25	14	13	29	21	
D	101	98	122	108	108	113	128	117	0	81	119	52	54	93	85	84	91	
E	92	92	98	112	68	102	161	127	0	146	143	100	86	116	113	85	95	
F	58	61	55	54	85	57	35	49	0	62	32	72	65	45	61	59	66	
G	138	134	127	131	113	97	93	88	0	82	98	103	95	116	122	128	145	
H	33	38	26	37	31	28	46	43	0	25	34	37	17	32	39	41	41	
I	88	77	66	73	100	79	45	85	0	72	50	90	109	83	88	112	80	
K	77	99	89	82	75	97	112	96	0	103	128	84	140	133	114	105	109	
L	143	157	131	137	155	170	109	143	0	162	128	214	212	129	141	161	147	
M	38	30	34	41	32	43	24	38	0	42	39	54	49	41	33	31	46	
N	89	80	80	74	70	71	76	56	0	74	69	60	60	75	68	82	73	
P	77	85	77	60	55	83	64	44	0	18	19	21	34	59	51	59	74	
Q	59	57	72	59	45	62	92	80	0	79	87	58	56	78	70	47	61	
R	78	63	76	74	62	73	83	74	0	101	102	87	79	102	72	75	71	
S	99	98	87	94	99	98	95	95	0	84	104	78	77	92	99	74	72	
T	92	104	88	112	106	65	79	83	0	76	77	56	73	74	78	80	78	
V	100	93	108	82	118	84	71	86	1595	89	67	87	107	78	95	99	115	
W	19	17	22	18	24	18	22	22	0	18	23	30	19	12	23	17	26	
Y	55	52	48	56	71	53	47	41	0	37	45	61	75	35	53	57	42	


=W,C=
	
A	32	21	22	33	29	20	27	19	0	23	17	25	22	31	27	42	30	
C	6	5	6	6	8	8	3	4	0	5	10	5	12	6	2	4	1	
D	14	16	22	22	24	27	23	34	0	34	24	33	24	18	33	22	19	
E	16	18	21	20	20	15	28	16	0	21	24	29	28	16	18	20	23	
F	19	14	13	19	17	17	13	7	0	10	12	16	15	14	17	12	13	
G	38	32	28	26	40	42	44	49	0	38	47	33	28	32	24	27	36	
H	5	11	10	9	4	6	13	10	0	10	7	5	4	8	11	6	7	
I	23	19	17	23	20	13	16	10	0	9	19	12	10	18	15	17	22	
K	11	18	13	16	21	13	22	19	0	21	19	17	21	14	19	20	20	
L	27	30	32	27	25	22	18	15	0	15	23	19	21	30	24	24	32	
M	7	6	7	6	8	3	5	9	0	3	4	3	4	5	10	7	7	
N	17	20	20	13	20	27	16	25	0	24	23	18	26	22	15	20	12	
P	18	23	12	21	15	24	21	28	0	25	25	27	25	17	16	13	20	
Q	10	17	14	13	14	15	12	14	0	16	10	13	16	18	17	15	13	
R	21	17	19	15	10	9	19	15	0	12	9	15	16	19	18	15	16	
S	26	23	22	21	19	31	31	33	0	31	25	31	20	26	24	27	19	
T	24	31	22	14	18	28	22	23	0	29	24	20	24	24	21	23	21	
V	29	21	38	34	27	22	10	13	0	19	18	20	20	20	30	24	25	
W	6	2	10	7	8	7	6	4	360	4	6	9	4	4	6	4	5	
Y	11	16	11	14	13	11	11	13	0	11	12	10	20	18	13	18	19	


=W,E=
	
A	33	32	18	21	18	26	21	24	0	22	21	24	22	15	22	32	19	
C	1	8	8	5	7	6	7	7	0	7	4	8	12	3	5	7	5	
D	18	22	24	26	30	20	23	13	0	22	23	22	28	25	28	15	18	
E	22	21	20	19	20	10	18	14	0	25	18	14	22	13	25	18	12	
F	14	10	13	12	17	12	23	13	0	10	15	13	11	18	13	13	12	
G	22	37	40	40	33	37	32	28	0	15	26	30	40	44	32	33	31	
H	10	8	6	11	9	6	7	15	0	9	6	11	8	8	11	10	11	
I	22	13	14	14	13	12	26	15	0	27	26	22	14	17	16	11	16	
K	22	28	30	21	22	19	24	21	0	18	13	19	15	21	20	25	19	
L	26	26	21	21	26	27	20	27	0	23	30	22	21	11	19	20	15	
M	3	5	10	2	10	9	6	5	0	9	3	4	3	6	6	7	3	
N	18	21	25	29	20	16	14	18	0	18	17	17	11	20	32	23	17	
P	17	15	20	16	17	19	14	14	0	5	22	22	19	21	20	21	25	
Q	14	12	10	14	9	15	14	11	0	9	11	13	8	17	9	10	14	
R	13	14	11	14	11	11	10	11	0	18	15	13	15	8	10	12	11	
S	31	20	23	24	27	31	20	22	0	19	35	24	34	33	29	20	24	
T	24	17	20	18	18	22	18	39	0	26	27	25	24	28	21	32	41	
V	15	17	20	22	21	31	31	30	0	43	21	21	15	21	13	21	25	
W	8	7	3	2	3	7	5	4	347	4	6	4	6	3	6	7	11	
Y	13	14	10	14	15	11	14	16	0	18	8	19	19	15	10	10	18	


=W,H=
	
A	36	47	28	58	58	28	32	56	0	55	47	37	40	55	37	44	34	
C	7	6	4	2	6	3	1	4	0	1	1	4	3	4	3	2	5	
D	30	23	37	31	27	35	28	42	0	21	14	17	12	29	19	20	18	
E	26	16	19	39	33	35	32	36	0	33	30	21	24	33	31	29	20	
F	13	16	11	18	20	16	12	14	0	21	15	30	21	11	15	13	22	
G	32	34	31	30	29	21	24	18	0	26	23	28	33	48	24	23	31	
H	10	11	10	5	7	11	9	9	0	12	13	10	10	7	11	8	13	
I	19	24	33	14	20	21	22	16	0	18	13	20	15	20	15	30	27	
K	18	23	29	17	15	21	33	18	0	31	38	23	20	24	24	27	28	
L	35	30	25	41	41	35	31	36	0	54	30	48	51	37	35	50	33	
M	13	7	6	11	4	13	9	5	0	6	8	8	9	10	8	6	11	
N	20	14	29	20	22	15	22	18	0	22	26	24	27	15	28	22	22	
P	21	19	22	19	14	19	8	15	0	6	7	5	13	16	19	21	20	
Q	16	20	16	16	15	18	23	23	0	25	27	17	21	11	25	17	14	
R	16	22	17	16	17	24	31	17	0	25	30	25	27	18	28	20	24	
S	31	40	24	25	24	28	36	36	0	19	33	31	26	16	21	24	30	
T	27	18	28	19	26	23	19	20	0	12	31	24	20	28	31	19	21	
V	26	29	29	21	22	35	24	19	0	21	20	27	30	21	20	26	25	
W	13	8	7	8	6	8	7	5	423	5	6	8	8	10	11	6	10	
Y	13	15	17	12	16	14	19	15	0	10	10	14	13	9	18	16	14	


=Y,C=
	
A	70	75	69	76	67	76	63	56	0	72	61	62	76	74	78	61	74	
C	11	12	29	15	25	13	22	7	0	16	15	19	21	9	15	17	21	
D	52	57	59	56	63	52	53	80	0	80	59	75	61	66	63	57	56	
E	51	53	52	45	53	46	48	41	0	53	28	60	44	61	56	54	48	
F	43	30	40	42	42	32	27	25	0	26	26	20	47	48	39	35	36	
G	72	83	55	79	69	77	92	130	0	93	125	74	70	63	72	64	69	
H	27	27	18	25	19	25	29	24	0	24	17	24	19	29	25	20	29	
I	52	63	46	55	42	48	28	32	0	25	33	38	38	50	49	58	41	
K	54	63	35	46	39	56	62	77	0	45	45	47	39	49	53	56	53	
L	73	74	90	85	77	81	65	41	0	37	51	61	61	63	69	74	82	
M	18	17	21	12	12	24	10	9	0	10	9	14	16	17	16	18	19	
N	45	47	43	40	55	47	65	59	0	56	58	55	47	39	49	33	43	
P	39	36	40	46	41	44	59	73	0	99	82	61	65	40	46	56	50	
Q	30	34	33	31	31	32	40	39	0	32	37	29	33	30	23	35	22	
R	39	42	47	41	45	35	43	47	0	40	38	43	31	38	42	44	41	
S	61	51	62	55	59	55	65	57	0	72	58	75	72	52	59	49	69	
T	56	44	50	69	54	64	59	49	0	58	64	63	54	54	60	57	50	
V	67	66	71	51	66	56	48	30	0	33	60	55	68	81	50	71	54	
W	16	11	16	15	25	17	7	6	0	12	13	7	18	18	15	11	14	
Y	42	34	42	35	35	37	34	37	919	36	39	37	39	37	40	49	47	


=Y,E=
	
A	60	80	67	61	64	36	60	55	0	53	59	60	62	50	71	50	65	
C	15	16	12	10	13	16	15	19	0	17	20	18	23	14	17	17	25	
D	55	66	50	50	60	47	62	43	0	47	45	58	71	82	64	61	48	
E	47	43	49	45	52	54	30	39	0	44	53	42	51	45	52	54	52	
F	42	22	35	36	25	31	38	33	0	36	52	30	36	31	30	34	34	
G	90	71	89	103	94	110	85	67	0	49	84	75	83	87	81	93	78	
H	15	19	22	14	26	15	21	25	0	14	24	30	26	31	24	20	26	
I	51	37	44	34	34	51	52	65	0	64	56	35	49	35	44	46	37	
K	46	54	57	64	51	47	52	36	0	45	32	57	46	50	53	58	62	
L	67	63	66	58	52	53	74	78	0	63	74	51	48	59	52	42	52	
M	13	15	9	8	8	16	10	12	0	12	15	10	16	10	8	17	13	
N	40	56	46	53	46	38	51	46	0	49	29	55	44	45	49	35	50	
P	46	44	41	44	49	52	35	18	0	22	44	40	42	50	37	39	44	
Q	33	28	29	28	29	24	19	21	0	31	25	37	20	24	27	29	33	
R	36	42	34	35	42	42	50	39	0	35	26	31	32	36	32	37	36	
S	53	73	64	61	53	57	57	54	0	63	65	70	61	70	71	70	47	
T	52	49	51	57	63	77	55	66	0	82	56	57	61	55	66	63	60	
V	54	45	55	56	59	59	60	90	0	87	72	69	56	50	59	59	60	
W	14	13	12	15	12	15	11	23	0	17	13	14	14	10	13	16	13	
Y	41	34	38	38	37	29	31	41	870	40	26	31	29	36	20	30	35	


=Y,H=
	
A	86	79	82	86	90	92	117	99	0	98	100	99	92	76	88	93	90	
C	13	10	17	13	7	16	7	13	0	12	8	14	14	12	10	17	13	
D	57	74	70	89	77	71	70	88	0	57	52	56	31	59	47	46	59	
E	66	55	80	92	76	54	70	74	0	59	65	53	55	76	63	50	55	
F	38	38	30	34	46	37	34	45	0	44	34	57	31	35	28	40	32	
G	82	83	60	69	44	65	54	42	0	70	60	62	61	89	54	69	72	
H	22	27	19	22	20	25	21	18	0	18	27	20	40	31	15	20	20	
I	47	55	48	54	65	63	49	41	0	46	37	48	79	59	60	56	60	
K	48	44	64	51	46	51	71	60	0	59	86	61	71	78	62	49	64	
L	89	81	84	60	107	97	77	103	0	124	87	108	110	74	80	110	97	
M	23	13	24	10	25	23	23	25	0	25	32	27	21	20	33	25	23	
N	57	47	55	43	42	49	46	48	0	50	54	42	43	55	53	66	48	
P	44	44	36	47	39	38	45	29	0	16	21	24	29	44	45	43	49	
Q	30	30	38	43	29	29	36	49	0	50	49	54	39	48	41	30	41	
R	50	35	49	43	50	53	52	44	0	57	51	43	55	45	60	44	51	
S	52	61	61	65	47	52	63	65	0	40	63	45	39	39	63	58	49	
T	65	73	51	63	53	47	50	42	0	44	52	41	47	44	48	49	46	
V	52	60	61	49	68	54	49	35	0	44	47	57	74	46	63	58	55	
W	18	18	11	12	14	10	12	9	0	14	18	16	12	14	10	18	12	
Y	37	49	36	31	31	50	30	47	976	49	33	49	33	31	53	35	40	


