Cter                                                             Nter
   -8  -7  -6  -5  -4  -3  -2  -1   0   1   2   3   4   5   6   7   8 
G   0   0   0   0  10  30  55  55  57  40   0   0   0   0   0   0   0
A   0   0   0 -10 -20 -30 -40 -50 -50 -40 -30 -20 -10   0   0   0   0
V   0   0   0   0 -10 -20 -30 -40 -60 -40 -30 -20 -10   0   0   0   0
L   0   0   0 -10 -20 -30 -40 -50 -56 -20 -10   0   0   0   0   0   0
I   0   0   0   0   0 -10 -20 -30 -46 -40 -10   0   0  20  30  20  10
S   0 -10 -20 -20  10  15  20  25  26  25  20  15  10   0   0   0   0
T   0  10  20  20  20  15  18   5   3   5  10  15  20  20  20  10   0
D   0   0   0   0   0   0   5  10  31  10   5   0   0   0   0   0   0
E   0  -5 -10 -15 -20 -30 -40 -45 -47 -20   0  10   5   0   0   0   0
N   0   0   0  10  20  30  35  40  42  40  35  30  20  10   5   0   0
Q  10  20  30  25  20  15  10   5   4  20  30  40  50  60  50  40  20
K -10 -20 -30 -40 -25 -10   0  10  10  10   0 -20 -30 -20 -10  -5   0
H   0   0   0   0   0   0   0   0  -3   0  10  20  30  20  10   0   0
R   0   0   0   0   0   0   0  10  21  30  40  30  20  10   0   0   0
F   0   0   0   0   0  -5 -10 -15 -18 -15   0  15  30  25  20  10   0
Y   0   0   0   5  15  15  20  25  29  25  20  15  15   5   0   0   0
W   0   0   0  10  20  30  40  80  36 -30  30  40  50  60  70  40  20
C  20  40  50  60  60  55  50  45  44  40  35  30  25  20  15  10   5
M  -5 -15 -20 -25 -30 -35 -40 -45 -48 -45 -40 -35 -30 -25 -20 -15  -5
P  10  20  30  40  50  70  10 -90  36  90  10   0   0   0   0   0   0
X   0   0   0   0   0   0   0   0   0   0   0   0   0   0   0   0   0