Cter                                                             Nter
   -8  -7  -6  -5  -4  -3  -2  -1   0   1   2   3   4   5   6   7   8  
G  -5 -10 -15 -20 -30 -40 -50 -60 -86 -60 -50 -40 -30 -20 -15 -10  -5
A   5  10  15  20  30  40  50  60  65  60  50  40  30  20  15  10   5
V   0   0   0   0   0   0   5  10  14  10   5   0   0   0   0   0   0
L   0   5  10  15  20  25  28  30  32  30  28  25  20  15  10   5   0
I   5  10  15  20  25  20  15  10   6   0 -10 -15 -20 -25 -20 -10  -5
S   0  -5 -10 -15 -20 -25 -30 -35 -39 -35 -30 -25 -20 -15 -10  -5   0
T   0   0   0  -5 -10 -15 -20 -25 -26 -25 -20 -15 -10  -5   0   0   0
D   0  -5 -10 -15 -20 -15 -10   0   5  10  15  20  20  20  15  10   5
E   0   0   0   0  10  20  60  70  78  78  78  78  78  70  60  40  20
N   0   0   0   0 -10 -20 -30 -40 -51 -40 -30 -20 -10   0   0   0   0
Q   0   0   0   0   5  10  20  20  10 -10 -20 -20 -10  -5   0   0   0
K  20  40  50  55  60  60  50  30  23  10   5   0   0   0   0   0   0
H  10  20  30  40  50  50  50  30  12 -20 -10   0   0   0   0   0   0
R   0   0   0   0   0   0   0   0  -9 -15 -20 -30 -40 -50 -50 -30 -10
F   0   0   0   0   0   5  10  15  16  15  10   5   0   0   0   0   0
Y  -5 -10 -15 -20 -25 -30 -35 -40 -45 -40 -35 -30 -25 -20 -15 -10  -5
W -10 -20 -40 -50 -50 -10   0  10  12  10   0 -10 -50 -50 -40 -20 -10
C   0   0   0   0   0   0  -5 -10 -13 -10  -5   0   0   0   0   0   0
M  10  20  25  30  35  40  45  50  53  50  45  40  35  30  25  20  10
P -10 -20 -40 -60 -80-100-120-140 -77 -60 -30 -20 -10   0   0   0   0
X   0   0   0   0   0   0   0   0   0   0   0   0   0   0   0   0   0