Cter                                                             Nter
   -8  -7  -6  -5  -4  -3  -2  -1   0   1   2   3   4   5   6   7   8 
G   0   0   0   0  10  30  40  45  49  45  40  30  10   0   0   0   0
A   0   0   0   0  -5 -10 -20 -25 -25 -25 -20 -15 -10  -5   0   0   0
V   0   0   0   0 -10 -20 -25 -30 -35 -30 -25 -20 -10   0   0   0   0
L   0   0   0 -10 -20 -30 -40 -30 -20 -20 -10   0   0   0   0   0   0
I   0   0   0   0   0 -10 -20 -30 -33 -30 -10   0  10  20  30  20   0
S   0 -10 -20 -20  10  15  20  25  50  25  20  15  10   0   0   0   0
T   0  10  20  30  20  15  10  15  17  15  10  15  20  30  20  10   0
D   0   0   0   0   0   0   0   0   0   0   0   0   0   0   0   0   0
E   0   0  10  20  40  20   0 -10 -44 -40 -20 -10   0   0   0   0   0
N   0   0   0  10  20  30  35  40  46  40  35  30  20  10   0   0   0
Q  10  20  30  25  20  15  10   0  -5  20  30  40  50  60  50  40  20
K -10 -20 -30 -40 -25 -20 -10  -8  -8   0   0 -20 -30 -20 -10  -5   0
H   0   0   0   0   0   0   0  10  16  15  10  10  10  10   5   0   0
R   0   0   0   0   0   0   0   0 -12   0  20  30  20  10   0   0   0
F   0   0   0   0   0  -5 -10 -20 -41 -20   0  15  30  25  20  10   0
Y   0   0   0   0   0   0   0   0  -6   0   0   0   0   0   0   0   0
W   0   0   0  10  20  30  40  20  12  20  30  40  50  60  70  40  20
C   0   0   0   0   0   0 -10 -30 -47 -30 -10   0   0   0   0   0   0
M   0  -5 -10 -15 -20 -25 -30 -40 -41 -40 -30 -25 -20 -15 -10  -5   0
P   0   0  10  20  30  40  50  55  58  50  10   0   0   0   0   0   0
X   0   0   0   0   0   0   0   0   0   0   0   0   0   0   0   0   0